3932160
3932160
5505024
5505024
1065353216
1065353216
1058642330
1058642330
3932160
3538944
3538944
3932160
1065353216
1065353216
1058642330
1058642330
0
0
1048576
1048576
1065353216
1065353216
1065353216
1065353216
2359296
2359296
786432
786432
1065353216
1065353216
1058642330
1058642330
6291456
6291456
6291456
6291456
1065353216
1065353216
1065353216
1065353216
3932160
3145728
3145728
3932160
1065353216
1065353216
1065353216
1065353216
4718592
3932160
3932160
4718592
1065353216
1065353216
1065353216
1065353216
3538944
3145728
3145728
3538944
1065353216
1065353216
1065353216
1065353216
3932160
3145728
3145728
3932160
1065353216
1065353216
1065353216
1065353216
4718592
3932160
3932160
4718592
1065353216
1065353216
1065353216
1065353216
2883584
1835008
1835008
2883584
1061997773
1061997773
1061997773
1061997773
3932160
2883584
2883584
3932160
1061997773
1061997773
1061997773
1061997773
2359296
2359296
3932160
3932160
1065353216
1065353216
1065353216
1065353216
6291456
6291456
6291456
6291456
1065353216
1065353216
1065353216
1065353216
5505024
3932160
3145728
4718592
1065353216
1065353216
1065353216
1065353216
5505024
3932160
3145728
4718592
1065353216
1065353216
1065353216
1065353216
3932160
3145728
4718592
5505024
1065353216
1065353216
1065353216
1065353216
3932160
3145728
4718592
5505024
1065353216
1065353216
1065353216
1065353216
5505024
5505024
5505024
5505024
1065353216
1065353216
1065353216
1065353216
5505024
5505024
5505024
5505024
1065353216
1065353216
1065353216
1065353216
6029312
5505024
5505024
6029312
1061997773
1061997773
1061997773
1061997773
6029312
5505024
5505024
6029312
1061997773
1061997773
1061997773
1061997773
3932160
3932160
7077888
7077888
1065353216
1065353216
1065353216
1065353216
6291456
6291456
7864320
7864320
1065353216
1065353216
1065353216
1065353216
7077888
7077888
5505024
5505024
1065353216
1065353216
1065353216
1065353216
4718592
4718592
7864320
7864320
1065353216
1065353216
1065353216
1065353216
3932160
1835008
1835008
3932160
1061997773
1061997773
1061997773
1061997773
7077888
6553600
6553600
7077888
1061997773
1061997773
1061997773
1061997773
7077888
7077888
10223616
10223616
1065353216
1065353216
1065353216
1065353216
7864320
7864320
11010048
11010048
1065353216
1065353216
1065353216
1065353216
10223616
10223616
8650752
8650752
1065353216
1065353216
1065353216
1065353216
7864320
7864320
11010048
11010048
1065353216
1065353216
1065353216
1065353216
6029312
5505024
5505024
6029312
1061997773
1061997773
1061997773
1061997773
9437184
9175040
9175040
9437184
1061997773
1061997773
1061997773
1061997773
10223616
10223616
13369344
13369344
1065353216
1065353216
1065353216
1065353216
11010048
11010048
14155776
14155776
1065353216
1065353216
1065353216
1065353216
14155776
14155776
11796480
11796480
1065353216
1065353216
1065353216
1065353216
11010048
11010048
14155776
14155776
1065353216
1065353216
1065353216
1065353216
7077888
6553600
6553600
7077888
1061997773
1061997773
1061997773
1061997773
11796480
11534336
11534336
11796480
1061997773
1061997773
1061997773
1061997773
13369344
13369344
14942208
14942208
1065353216
1065353216
1065353216
1065353216
14155776
14155776
15728640
15728640
1065353216
1065353216
1065353216
1065353216
15728640
15728640
14942208
14155776
1065353216
1065353216
1065353216
1065353216
14155776
14155776
15728640
15728640
1065353216
1065353216
1065353216
1065353216
9437184
8912896
8912896
9437184
1061997773
1061997773
1061997773
1061997773
11796480
11534336
11534336
11796480
1061997773
1061997773
1061997773
1061997773
14942208
14942208
15466496
15466496
1065353216
1065353216
1065353216
1065353216
15728640
15728640
15728640
15728640
1065353216
1065353216
1065353216
1065353216
15728640
15728640
15728640
15728640
1065353216
1065353216
1065353216
1065353216
15728640
15728640
15728640
15728640
1065353216
1065353216
1065353216
1065353216
11796480
11272192
11272192
11796480
1061997773
1061997773
1061997773
1061997773
15728640
15728640
15728640
15728640
1065353216
1065353216
1065353216
1065353216
