1 0 0 1056964608 1056964608 0 1065353216 0 1065353216 1056964608 1056964608 1065353216 0 1065353216 0 0 3145728 3145728 3145728 0 0 3145728 3145728 6291456 1045220557 1065353216 1065353216 1065353216 1045220557 1045220557 1065353216 1065353216 1065353216
3 0 1 1056964608 1065353216 1056964608 1056964608 835509806 1065353216 1056964608 0 1056964608 1056964608 1065353216 0 3145728 0 0 6291456 3145728 3145728 0 0 3145728 1065353216 1045220557 1065353216 1065353216 1065353216 1065353216 1045220557 1045220557 1065353216
0 1 0 0 0 0 1065353216 0 1065353216 1065353216 1065353216 1065353216 0 1065353216 0 0 2097152 0 0 0 0 2097152 2097152 0 1065353216 1065353216 1065353216 1065353216 1065353216 1065353216 1065353216 1065353216 1065353216
0 0 1 1056964608 1056964608 0 1056964608 835509806 1065353216 1056964608 1056964608 1065353216 1056964608 1065353216 0 3145728 0 3145728 3145728 3145728 3145728 0 0 0 1065353216 1045220557 1065353216 1065353216 1065353216 1065353216 1045220557 1045220557 1065353216
1 1 1 1065353216 1065353216 0 1056964608 835509806 1065353216 0 0 1065353216 1056964608 1065353216 0 6291456 6291456 6291456 6291456 6291456 6291456 6291456 6291456 6291456 1065353216 1065353216 1065353216 1065353216 1065353216 1065353216 1065353216 1065353216 1065353216
2 1 1 0 1056964608 0 0 843898414 1065353216 1065353216 1056964608 1065353216 1065353216 1065353216 0 6291456 0 3145728 3145728 6291456 6291456 0 0 3145728 1065353216 1065353216 1065353216 1065353216 1065353216 1065353216 1065353216 1065353216 1065353216
2 1 1 1056964608 1065353216 0 0 843898414 1065353216 1056964608 0 1065353216 1065353216 1065353216 0 6291456 0 3145728 3145728 6291456 6291456 0 0 3145728 1065353216 1065353216 1065353216 1065353216 1065353216 1065353216 1065353216 1065353216 1065353216
3 1 1 0 1056964608 1065353216 1065353216 0 1065353216 1065353216 1056964608 0 0 1065353216 0 3145728 3145728 0 6291456 3145728 3145728 3145728 3145728 3145728 1065353216 1065353216 1065353216 1065353216 1065353216 1065353216 1065353216 1065353216 1065353216
4 1 1 0 1056964608 0 1065353216 0 0 1065353216 1056964608 1065353216 0 1065353216 1065353216 6291456 0 3145728 3145728 6291456 6291456 0 0 3145728 1065353216 1065353216 1065353216 1065353216 1065353216 1065353216 1065353216 1065353216 1065353216
4 1 1 1056964608 1065353216 0 1056964608 835509806 835509806 1056964608 0 1065353216 1056964608 1065353216 1065353216 6291456 0 3145728 3145728 6291456 6291456 0 0 3145728 1065353216 1065353216 1065353216 1065353216 1065353216 1065353216 1065353216 1065353216 1065353216
5 1 1 0 1056964608 0 1065353216 1065353216 1065353216 1065353216 1056964608 1065353216 0 0 0 2097152 6291456 3145728 3145728 2097152 2097152 6291456 6291456 0 1065353216 1065353216 1065353216 1065353216 1065353216 1065353216 1065353216 1065353216 1045220557
5 1 1 1056964608 1065353216 0 1056964608 1065353216 1065353216 1056964608 0 1065353216 1056964608 0 0 2097152 6291456 3145728 3145728 2097152 2097152 6291456 6291456 0 1065353216 1065353216 1065353216 1065353216 1065353216 1065353216 1065353216 1065353216 1045220557
0 1 0 0 0 0 1065353216 0 1065353216 1065353216 1065353216 1065353216 0 1065353216 0 0 5242880 3145728 3145728 0 0 5242880 5242880 2097152 1065353216 1065353216 1065353216 1065353216 1065353216 1065353216 1065353216 1065353216 1065353216
1 1 0 1065353216 1065353216 0 1065353216 0 1065353216 0 0 1065353216 0 1065353216 0 6291456 6291456 6291456 6291456 6291456 6291456 6291456 6291456 6291456 1065353216 1065353216 1065353216 1065353216 1065353216 1065353216 1065353216 1065353216 1065353216
2 1 0 0 1065353216 0 0 0 1065353216 1065353216 0 1065353216 1065353216 1065353216 0 6291456 3145728 6291456 3145728 6291456 6291456 3145728 3145728 3145728 1065353216 1065353216 1065353216 1065353216 1065353216 1065353216 1065353216 1065353216 1065353216
2 1 0 0 1065353216 0 0 0 1065353216 1065353216 0 1065353216 1065353216 1065353216 0 6291456 3145728 6291456 3145728 6291456 6291456 3145728 3145728 3145728 1065353216 1065353216 1065353216 1065353216 1065353216 1065353216 1065353216 1065353216 1065353216
3 1 0 0 1065353216 1065353216 1065353216 0 1065353216 1065353216 0 0 0 1065353216 0 3145728 6291456 3145728 6291456 3145728 3145728 6291456 6291456 3145728 1065353216 1065353216 1065353216 1065353216 1065353216 1065353216 1065353216 1065353216 1065353216
3 1 0 0 1065353216 1065353216 1065353216 0 1065353216 1065353216 0 0 0 1065353216 0 3145728 6291456 3145728 6291456 3145728 3145728 6291456 6291456 3145728 1065353216 1065353216 1065353216 1065353216 1065353216 1065353216 1065353216 1065353216 1065353216
4 1 0 0 1065353216 0 1065353216 0 0 1065353216 0 1065353216 0 1065353216 1065353216 6291456 0 3145728 3145728 6291456 6291456 0 0 6291456 1065353216 1065353216 1065353216 1065353216 1065353216 1065353216 1065353216 1065353216 1065353216
4 1 0 0 1065353216 0 1065353216 0 0 1065353216 0 1065353216 0 1065353216 1065353216 6291456 0 3145728 3145728 6291456 6291456 0 0 6291456 1065353216 1065353216 1065353216 1065353216 1065353216 1065353216 1065353216 1065353216 1065353216
5 1 0 0 1065353216 0 1065353216 1065353216 1065353216 1065353216 0 1065353216 0 0 0 5242880 6291456 6291456 6291456 5242880 5242880 6291456 6291456 5242880 1065353216 1065353216 1065353216 1065353216 1065353216 1065353216 1065353216 1065353216 1045220557
5 1 0 0 1065353216 0 1065353216 1065353216 1065353216 1065353216 0 1065353216 0 0 0 5242880 6291456 6291456 6291456 5242880 5242880 6291456 6291456 5242880 1065353216 1065353216 1065353216 1065353216 1065353216 1065353216 1065353216 1065353216 1045220557
0 1 0 0 0 0 1065353216 0 1065353216 1065353216 1065353216 1065353216 0 1065353216 0 2097152 8388608 6291456 6291456 2097152 2097152 8388608 8388608 5242880 1065353216 1065353216 1065353216 1065353216 1065353216 1065353216 1065353216 1065353216 1065353216
1 1 0 1065353216 1065353216 0 1065353216 0 1065353216 0 0 1065353216 0 1065353216 0 9437184 6291456 6291456 6291456 9437184 9437184 6291456 6291456 6291456 1065353216 1065353216 1065353216 1065353216 1065353216 1065353216 1065353216 1065353216 1065353216
2 1 0 0 1065353216 0 0 0 1065353216 1065353216 0 1065353216 1065353216 1065353216 0 6291456 6291456 9437184 3145728 6291456 6291456 6291456 6291456 6291456 1065353216 1065353216 1065353216 1065353216 1065353216 1065353216 1065353216 1065353216 1065353216
3 1 0 0 1065353216 1065353216 1065353216 0 1065353216 1065353216 0 0 0 1065353216 0 3145728 9437184 6291456 6291456 3145728 3145728 9437184 9437184 6291456 1065353216 1065353216 1065353216 1065353216 1065353216 1065353216 1065353216 1065353216 1065353216
4 1 0 0 1065353216 0 1065353216 0 0 1065353216 0 1065353216 0 1065353216 1065353216 6291456 2097152 3145728 3145728 6291456 6291456 2097152 2097152 0 1065353216 1065353216 1065353216 1065353216 1065353216 1065353216 1065353216 1065353216 1045220557
5 1 0 0 1065353216 0 1065353216 1065353216 1065353216 1065353216 0 1065353216 0 0 0 8388608 9437184 9437184 9437184 8388608 8388608 9437184 9437184 0 1065353216 1065353216 1065353216 1065353216 1065353216 1065353216 1065353216 1065353216 1045220557
0 1 0 0 0 0 1065353216 0 1065353216 1065353216 1065353216 1065353216 0 1065353216 0 5242880 11534336 9437184 9437184 5242880 5242880 11534336 11534336 8388608 1065353216 1065353216 1065353216 1065353216 1065353216 1065353216 1065353216 1065353216 1065353216
1 1 0 1065353216 1065353216 0 1065353216 0 1065353216 0 0 1065353216 0 1065353216 0 12582912 6291456 9437184 9437184 12582912 12582912 6291456 6291456 9437184 1065353216 1065353216 1065353216 1065353216 1065353216 1065353216 1065353216 1065353216 1065353216
2 1 0 0 1065353216 0 0 0 1065353216 1065353216 0 1065353216 1065353216 1065353216 0 9437184 9437184 12582912 6291456 9437184 9437184 9437184 9437184 9437184 1065353216 1065353216 1065353216 1065353216 1065353216 1065353216 1065353216 1065353216 1065353216
3 1 0 0 1065353216 1065353216 1065353216 0 1065353216 1065353216 0 0 0 1065353216 0 6291456 12582912 9437184 9437184 6291456 6291456 12582912 12582912 9437184 1065353216 1065353216 1065353216 1065353216 1065353216 1065353216 1065353216 1065353216 1065353216
4 1 0 0 1065353216 0 1065353216 0 0 1065353216 0 1065353216 0 1065353216 1065353216 6291456 5242880 6291456 6291456 6291456 6291456 5242880 5242880 5242880 1065353216 1065353216 1065353216 1065353216 1065353216 1065353216 1065353216 1065353216 1045220557
5 1 0 0 1065353216 0 1065353216 1065353216 1065353216 1065353216 0 1065353216 0 0 0 11534336 12582912 12582912 12582912 12582912 12582912 12582912 12582912 0 1065353216 1065353216 1065353216 1065353216 1065353216 1065353216 1065353216 1065353216 1045220557
0 1 0 0 0 0 1065353216 0 1065353216 1065353216 1065353216 1065353216 0 1065353216 0 8388608 14680064 12582912 12582912 8388608 8388608 14680064 14680064 11534336 1065353216 1065353216 1065353216 1065353216 1065353216 1065353216 1065353216 1065353216 1065353216
1 1 0 1065353216 1065353216 0 1065353216 0 1065353216 0 0 1065353216 0 1065353216 0 15728640 9437184 12582912 12582912 15728640 15728640 9437184 9437184 12582912 1065353216 1065353216 1065353216 1065353216 1065353216 1065353216 1065353216 1065353216 1065353216
2 1 0 0 1065353216 0 0 0 1065353216 1065353216 0 1065353216 1065353216 1065353216 0 12582912 12582912 15728640 9437184 15728640 12582912 15728640 12582912 12582912 1065353216 1065353216 1065353216 1065353216 1065353216 1065353216 1065353216 1065353216 1065353216
3 1 0 0 1065353216 1065353216 1065353216 0 1065353216 1065353216 0 0 0 1065353216 0 9437184 15728640 12582912 12582912 9437184 9437184 15728640 15728640 12582912 1065353216 1065353216 1065353216 1065353216 1065353216 1065353216 1065353216 1065353216 1065353216
4 1 0 0 1065353216 0 1065353216 0 0 1065353216 0 1065353216 0 1065353216 1065353216 9437184 8388608 9437184 9437184 9437184 9437184 8388608 8388608 0 1065353216 1065353216 1065353216 1065353216 1065353216 1065353216 1065353216 1065353216 1045220557
5 1 0 0 1065353216 0 1065353216 1065353216 1065353216 1065353216 0 1065353216 0 0 0 14680064 15728640 15728640 15728640 15728640 15728640 15728640 15728640 0 1065353216 1065353216 1065353216 1065353216 1065353216 1065353216 1065353216 1065353216 1045220557
0 1 0 0 0 0 1065353216 0 1065353216 1065353216 1065353216 1065353216 0 1065353216 0 11534336 14680064 15728640 15728640 11534336 11534336 14680064 14680064 14680064 1065353216 1065353216 1065353216 1065353216 1065353216 1065353216 1065353216 1065353216 1065353216
1 1 0 1065353216 1065353216 0 1065353216 0 1065353216 0 0 1065353216 0 1065353216 0 15728640 12582912 15728640 15728640 15728640 15728640 12582912 12582912 15728640 1065353216 1065353216 1065353216 1065353216 1065353216 1065353216 1065353216 1065353216 1065353216
2 1 0 0 1065353216 0 0 0 1065353216 1065353216 0 1065353216 1065353216 1065353216 0 15728640 15728640 15728640 12582912 15728640 12582912 15728640 15728640 15728640 1065353216 1065353216 1065353216 1065353216 1065353216 1065353216 1065353216 1065353216 1065353216
3 1 0 0 1065353216 1065353216 1065353216 0 1065353216 1065353216 0 0 0 1065353216 0 12582912 15728640 15728640 15728640 12582912 12582912 15728640 15728640 15728640 1065353216 1065353216 1065353216 1065353216 1065353216 1065353216 1065353216 1065353216 1065353216
4 1 0 0 1065353216 0 1065353216 0 0 1065353216 0 1065353216 0 1065353216 1065353216 12582912 11534336 12582912 12582912 12582912 12582912 11534336 11534336 0 1065353216 1065353216 1065353216 1065353216 1065353216 1065353216 1065353216 1065353216 1045220557
5 1 0 0 1065353216 0 1065353216 1065353216 1065353216 1065353216 0 1065353216 0 0 0 14680064 15728640 15728640 15728640 15728640 15728640 15728640 15728640 0 1065353216 1065353216 1065353216 1065353216 1065353216 1065353216 1065353216 1065353216 1045220557
0 1 0 0 0 0 1065353216 0 1065353216 1065353216 1065353216 1065353216 0 1065353216 0 14680064 15728640 15728640 15728640 14680064 14680064 15728640 15728640 14680064 1065353216 1065353216 1065353216 1065353216 1065353216 1065353216 1065353216 1065353216 1065353216
1 1 0 1065353216 1065353216 0 1065353216 0 1065353216 0 0 1065353216 0 1065353216 0 15728640 15728640 15728640 15728640 15728640 15728640 15728640 15728640 15728640 1065353216 1065353216 1065353216 1065353216 1065353216 1065353216 1065353216 1065353216 1065353216
2 1 0 0 1065353216 0 0 0 1065353216 1065353216 0 1065353216 1065353216 1065353216 0 15728640 15728640 15728640 15728640 15728640 15728640 15728640 15728640 15728640 1065353216 1065353216 1065353216 1065353216 1065353216 1065353216 1065353216 1065353216 1065353216
3 1 0 0 1065353216 1065353216 1065353216 0 1065353216 1065353216 0 0 0 1065353216 0 15728640 15728640 15728640 15728640 15728640 15728640 15728640 15728640 15728640 1065353216 1065353216 1065353216 1065353216 1065353216 1065353216 1065353216 1065353216 1065353216
4 1 0 0 1065353216 0 1065353216 0 0 1065353216 0 1065353216 0 1065353216 1065353216 15728640 14680064 15728640 15728640 15728640 15728640 14680064 14680064 0 1065353216 1065353216 1065353216 1065353216 1065353216 1065353216 1065353216 1065353216 1045220557
5 1 0 0 1065353216 0 1065353216 1065353216 1065353216 1065353216 0 1065353216 0 0 0 15728640 15728640 15728640 15728640 15728640 15728640 15728640 15728640 15728640 1065353216 1065353216 1065353216 1065353216 1065353216 1065353216 1065353216 1065353216 1065353216
