1111752704
1115815936
1127284736
-8421505
1050674201
1044383793
3407872
1111752704
1115815936
1127219200
-8421505
1050674201
1046476751
2883584
1112014848
1115815936
1127219200
-8421505
1051720679
1046476751
3407872
1112014848
1115815936
1127284736
-8421505
1051720679
1044383793
3932160
1111752704
1115947008
1127219200
-10895983
1046480945
1052771353
6291456
1111752704
1115947008
1127284736
-10895983
1046480945
1053817831
6291456
1112014848
1115947008
1127284736
-10895983
1048573903
1053817831
6291456
1112014848
1115947008
1127219200
-10895983
1048573903
1052771353
6291456
1112014848
1115947008
1127219200
-3355444
1040189489
1052771353
5505024
1112014848
1115815936
1127219200
-3355444
1040189489
1053817831
3670016
1111752704
1115815936
1127219200
-3355444
1042282447
1053817831
2883584
1111752704
1115947008
1127219200
-3355444
1042282447
1052771353
4718592
1112014848
1115947008
1127219200
-12085388
1042286641
1052771353
5505024
1112014848
1115815936
1127219200
-12085388
1042286641
1053817831
3670016
1111752704
1115815936
1127219200
-12085388
1044379599
1053817831
2883584
1111752704
1115947008
1127219200
-12085388
1044379599
1052771353
4718592
1111752704
1115947008
1127284736
-3355444
1040189489
1052771353
3932160
1111752704
1115815936
1127284736
-3355444
1040189489
1053817831
3407872
1112014848
1115815936
1127284736
-3355444
1042282447
1053817831
4456448
1112014848
1115947008
1127284736
-3355444
1042282447
1052771353
4980736
1111752704
1115947008
1127284736
-12085388
1042286641
1052771353
3932160
1111752704
1115815936
1127284736
-12085388
1042286641
1053817831
3407872
1112014848
1115815936
1127284736
-12085388
1044379599
1053817831
4456448
1112014848
1115947008
1127284736
-12085388
1044379599
1052771353
4980736
1111752704
1115947008
1127219200
-6710887
1040189489
1052771353
4718592
1111752704
1115815936
1127219200
-6710887
1040189489
1053817831
3145728
1111752704
1115815936
1127284736
-6710887
1042282447
1053817831
3145728
1111752704
1115947008
1127284736
-6710887
1042282447
1052771353
4718592
1111752704
1115947008
1127219200
-13274793
1042286641
1052771353
4718592
1111752704
1115815936
1127219200
-13274793
1042286641
1053817831
3145728
1111752704
1115815936
1127284736
-13274793
1044379599
1053817831
3145728
1111752704
1115947008
1127284736
-13274793
1044379599
1052771353
4718592
1112014848
1115947008
1127284736
-8750470
1040189489
1052771353
5767168
1112014848
1115815936
1127284736
-8750470
1040189489
1053817831
4718592
1112014848
1115815936
1127219200
-8750470
1042282447
1053817831
4980736
1112014848
1115947008
1127219200
-8750470
1042282447
1052771353
6029312
1112014848
1115947008
1127284736
-14001595
1042286641
1052771353
5767168
1112014848
1115815936
1127284736
-14001595
1042286641
1053817831
4718592
1112014848
1115815936
1127219200
-14001595
1044379599
1053817831
4980736
1112014848
1115947008
1127219200
-14001595
1044379599
1052771353
6029312
1112014848
1115815936
1127284736
-15248069
939725423
1055917081
3932160
1112014848
1115815936
1127219200
-15248069
939725423
1056963559
3407872
1112276992
1115815936
1127219200
-15248069
1023393399
1056963559
5242880
1112276992
1115815936
1127284736
-15248069
1023393399
1055917081
6291456
1112014848
1115947008
1127219200
-13653129
939725423
1055917081
6291456
1112014848
1115947008
1127284736
-13653129
939725423
1056963559
6291456
1112276992
1115947008
1127284736
-13653129
1023393399
1056963559
7864320
1112276992
1115947008
1127219200
-13653129
1023393399
1055917081
7864320
1112276992
1115947008
1127219200
-14317473
939725423
1055917081
7077888
1112276992
1115815936
1127219200
-14317473
939725423
1056963559
5505024
1112014848
1115815936
1127219200
-14317473
1023393399
1056963559
3932160
1112014848
1115947008
1127219200
-14317473
1023393399
1055917081
5505024
1112014848
1115947008
1127284736
-14317473
939725423
1055917081
4456448
1112014848
1115815936
1127284736
-14317473
939725423
1056963559
4194304
1112276992
1115815936
1127284736
-14317473
1023393399
1056963559
6815744
1112276992
1115947008
1127284736
-14317473
1023393399
1055917081
7077888
1112014848
1115947008
1127219200
-15314375
939725423
1055917081
3932160
1112014848
1115815936
1127219200
-15314375
939725423
1056963559
2359296
1112014848
1115815936
1127284736
-15314375
1023393399
1056963559
2359296
1112014848
1115947008
1127284736
-15314375
1023393399
1055917081
3932160
1112276992
1115947008
1127284736
-14916025
939725423
1055917081
9175040
1112276992
1115815936
1127284736
-14916025
939725423
1056963559
8126464
1112276992
1115815936
1127219200
-14916025
1023393399
1056963559
8388608
1112276992
1115947008
1127219200
-14916025
1023393399
1055917081
9437184
1112276992
1115881472
1127219200
-6710887
1058013708
1035997282
7340032
1112276992
1115881472
1127284736
-6710887
1058013708
1040183198
7077888
1112539136
1115881472
1127284736
-6710887
1058536948
1040183198
9175040
1112539136
1115881472
1127219200
-6710887
1058536948
1035997282
9437184
1112276992
1115947008
1127251968
-8750470
1058013708
1035995185
7077888
1112276992
1115881472
1127251968
-8750470
1058013708
1038088143
6815744
1112539136
1115881472
1127251968
-8750470
1058536948
1038088143
8388608
1112539136
1115947008
1127251968
-8750470
1058536948
1035995185
8650752
1112276992
1115815936
1127284736
-8421505
1058013708
1035997282
6291456
1112276992
1115815936
1127219200
-8421505
1058013708
1040183198
5505024
1112539136
1115815936
1127219200
-8421505
1058536948
1040183198
8650752
1112539136
1115815936
1127284736
-8421505
1058536948
1035997282
9437184
1112276992
1115881472
1127251968
-11776948
1058013708
1038092337
6684672
1112276992
1115881472
1127219200
-11776948
1058013708
1040185295
6815744
1112539136
1115881472
1127219200
-11776948
1058536948
1040185295
7864320
1112539136
1115881472
1127251968
-11776948
1058536948
1038092337
7733248
1112276992
1115947008
1127219200
-1
1058013708
1035995185
7864320
1112276992
1115947008
1127251968
-1
1058013708
1038088143
7471104
1112539136
1115947008
1127251968
-1
1058536948
1038088143
10616832
1112539136
1115947008
1127219200
-1
1058536948
1035995185
11010048
1112539136
1115881472
1127219200
-3355444
1058013708
1038092337
9437184
1112539136
1115815936
1127219200
-3355444
1058013708
1040185295
8650752
1112276992
1115815936
1127219200
-3355444
1058536948
1040185295
7077888
1112276992
1115881472
1127219200
-3355444
1058536948
1038092337
7864320
1112539136
1115947008
1127219200
-3355444
1058013708
1035995185
10223616
1112539136
1115881472
1127219200
-3355444
1058013708
1038088143
9437184
1112276992
1115881472
1127219200
-3355444
1058536948
1038088143
7864320
1112276992
1115947008
1127219200
-3355444
1058536948
1035995185
8650752
1112276992
1115881472
1127284736
-3355444
1058013708
1038092337
6553600
1112276992
1115815936
1127284736
-3355444
1058013708
1040185295
6815744
1112539136
1115815936
1127284736
-3355444
1058536948
1040185295
9961472
1112539136
1115881472
1127284736
-3355444
1058536948
1038092337
9699328
1112276992
1115881472
1127219200
-8750470
1058013708
1038092337
5373952
1112276992
1115815936
1127219200
-8750470
1058013708
1040185295
4718592
1112276992
1115815936
1127284736
-8750470
1058536948
1040185295
4980736
1112276992
1115881472
1127284736
-8750470
1058536948
1038092337
5373952
1112276992
1115947008
1127219200
-8750470
1058013446
1035995185
6029312
1112276992
1115881472
1127219200
-8750470
1058013446
1038088143
5373952
1112276992
1115881472
1127251968
-8750470
1058275066
1038088143
5373952
1112276992
1115947008
1127251968
-8750470
1058275066
1035995185
5898240
1112539136
1115881472
1127284736
-8750470
1058013708
1038092337
8388608
1112539136
1115815936
1127284736
-8750470
1058013708
1040185295
8388608
1112539136
1115815936
1127219200
-8750470
1058536948
1040185295
8126464
1112539136
1115881472
1127219200
-8750470
1058536948
1038092337
8781824
1112539136
1115947008
1127251968
-8750470
1058275590
1035995185
8912896
1112539136
1115881472
1127251968
-8750470
1058275590
1038088143
8585216
1112539136
1115881472
1127219200
-8750470
1058537210
1038088143
8781824
1112539136
1115947008
1127219200
-8750470
1058537210
1035995185
9437184
1112539136
1115815936
1127284736
-8421505
1061159436
939725423
9437184
1112539136
1115815936
1127219200
-8421505
1061159436
1023393399
8388608
1112801280
1115815936
1127219200
-8421505
1061682676
1023393399
11796480
1112801280
1115815936
1127284736
-8421505
1061682676
939725423
12320768
1112539136
1115947008
1127219200
-1
1061159436
939725423
11010048
1112539136
1115947008
1127284736
-1
1061159436
1023393399
10223616
1112801280
1115947008
1127284736
-1
1061682676
1023393399
12582912
1112801280
1115947008
1127219200
-1
1061682676
939725423
14155776
1112801280
1115947008
1127219200
-3355444
1061159436
939725423
14155776
1112801280
1115815936
1127219200
-3355444
1061159436
1023393399
12582912
1112539136
1115815936
1127219200
-3355444
1061682676
1023393399
10223616
1112539136
1115947008
1127219200
-3355444
1061682676
939725423
11796480
1112539136
1115947008
1127284736
-3355444
1061159436
939725423
9437184
1112539136
1115815936
1127284736
-3355444
1061159436
1023393399
9961472
1112801280
1115815936
1127284736
-3355444
1061682676
1023393399
13107200
1112801280
1115947008
1127284736
-3355444
1061682676
939725423
12058624
1112539136
1115947008
1127219200
-6710887
1061159436
939725423
9437184
1112539136
1115815936
1127219200
-6710887
1061159436
1023393399
8388608
1112539136
1115815936
1127284736
-6710887
1061682676
1023393399
8126464
1112539136
1115947008
1127284736
-6710887
1061682676
939725423
9175040
1112801280
1115947008
1127284736
-8750470
1061159436
939725423
10747904
1112801280
1115815936
1127284736
-8750470
1061159436
1023393399
10747904
1112801280
1115815936
1127219200
-8750470
1061682676
1023393399
10485760
1112801280
1115947008
1127219200
-8750470
1061682676
939725423
11796480
1112801280
1115815936
1127284736
-8421505
1050674201
1044383793
12320768
1112801280
1115815936
1127219200
-8421505
1050674201
1046476751
11796480
1113063424
1115815936
1127219200
-8421505
1051720679
1046476751
13893632
1113063424
1115815936
1127284736
-8421505
1051720679
1044383793
14417920
1112801280
1115947008
1127219200
-1
1050674201
1044383793
14155776
1112801280
1115947008
1127284736
-1
1050674201
1046476751
12582912
1113063424
1115947008
1127284736
-1
1051720679
1046476751
14942208
1113063424
1115947008
1127219200
-1
1051720679
1044383793
15728640
1113063424
1115947008
1127219200
-3355444
1050674201
1044383793
15728640
1113063424
1115815936
1127219200
-3355444
1050674201
1046476751
14942208
1112801280
1115815936
1127219200
-3355444
1051720679
1046476751
13369344
1112801280
1115947008
1127219200
-3355444
1051720679
1044383793
14155776
1112801280
1115947008
1127284736
-3355444
1050674201
1044383793
12058624
1112801280
1115815936
1127284736
-3355444
1050674201
1046476751
13107200
1113063424
1115815936
1127284736
-3355444
1051720679
1046476751
15204352
1113063424
1115947008
1127284736
-3355444
1051720679
1044383793
14680064
1112801280
1115947008
1127219200
-8750470
1050674201
1044383793
9437184
1112801280
1115815936
1127219200
-8750470
1050674201
1046476751
8388608
1112801280
1115815936
1127284736
-8750470
1051720679
1046476751
8126464
1112801280
1115947008
1127284736
-8750470
1051720679
1044383793
9175040
1113063424
1115947008
1127284736
-8750470
1050674201
1044383793
11796480
1113063424
1115815936
1127284736
-8750470
1050674201
1046476751
11534336
1113063424
1115815936
1127219200
-8750470
1051720679
1046476751
11534336
1113063424
1115947008
1127219200
-8750470
1051720679
1044383793
11796480
1113063424
1115815936
1127284736
-8421505
939725423
1046480945
14417920
1113063424
1115815936
1127219200
-8421505
939725423
1048573903
14417920
1113325568
1115815936
1127219200
-8421505
1023393399
1048573903
14942208
1113325568
1115815936
1127284736
-8421505
1023393399
1046480945
14942208
1113063424
1115947008
1127219200
-1
939725423
1046480945
15728640
1113063424
1115947008
1127284736
-1
939725423
1048573903
14942208
1113325568
1115947008
1127284736
-1
1023393399
1048573903
15728640
1113325568
1115947008
1127219200
-1
1023393399
1046480945
15728640
1113325568
1115947008
1127219200
-3355444
939725423
1046480945
15728640
1113325568
1115815936
1127219200
-3355444
939725423
1048573903
15728640
1113063424
1115815936
1127219200
-3355444
1023393399
1048573903
14942208
1113063424
1115947008
1127219200
-3355444
1023393399
1046480945
15728640
1113063424
1115947008
1127284736
-3355444
939725423
1046480945
14680064
1113063424
1115815936
1127284736
-3355444
939725423
1048573903
15204352
1113325568
1115815936
1127284736
-3355444
1023393399
1048573903
15728640
1113325568
1115947008
1127284736
-3355444
1023393399
1046480945
15728640
1113063424
1115947008
1127219200
-8750470
939725423
1046480945
11796480
1113063424
1115815936
1127219200
-8750470
939725423
1048573903
10747904
1113063424
1115815936
1127284736
-8750470
1023393399
1048573903
10485760
1113063424
1115947008
1127284736
-8750470
1023393399
1046480945
11534336
1113325568
1115947008
1127284736
-8750470
939725423
1046480945
11796480
1113325568
1115815936
1127284736
-8750470
939725423
1048573903
11534336
1113325568
1115815936
1127219200
-8750470
1023393399
1048573903
11534336
1113325568
1115947008
1127219200
-8750470
1023393399
1046480945
11796480
1113325568
1115815936
1127284736
-8421505
1052771353
1055917081
14942208
1113325568
1115815936
1127219200
-8421505
1052771353
1056963559
14942208
1113587712
1115815936
1127219200
-8421505
1053817831
1056963559
15466496
1113587712
1115815936
1127284736
-8421505
1053817831
1055917081
15466496
1113325568
1115947008
1127219200
-1
1052771353
1055917081
15728640
1113325568
1115947008
1127284736
-1
1052771353
1056963559
15728640
1113587712
1115947008
1127284736
-1
1053817831
1056963559
15728640
1113587712
1115947008
1127219200
-1
1053817831
1055917081
15728640
1113587712
1115947008
1127219200
-3355444
1051722777
1055917081
15728640
1113587712
1115815936
1127219200
-3355444
1051722777
1056963559
15728640
1113325568
1115815936
1127219200
-3355444
1052769255
1056963559
15728640
1113325568
1115947008
1127219200
-3355444
1052769255
1055917081
15728640
1113325568
1115947008
1127284736
-3355444
1051722777
1055917081
15728640
1113325568
1115815936
1127284736
-3355444
1051722777
1056963559
15728640
1113587712
1115815936
1127284736
-3355444
1052769255
1056963559
15728640
1113587712
1115947008
1127284736
-3355444
1052769255
1055917081
15728640
1113325568
1115947008
1127219200
-8750470
1051722777
1055917081
11796480
1113325568
1115815936
1127219200
-8750470
1051722777
1056963559
11534336
1113325568
1115815936
1127284736
-8750470
1052769255
1056963559
11534336
1113325568
1115947008
1127284736
-8750470
1052769255
1055917081
11796480
1113587712
1115947008
1127284736
-6710887
1051722777
1055917081
15728640
1113587712
1115815936
1127284736
-6710887
1051722777
1056963559
15728640
1113587712
1115815936
1127219200
-6710887
1052769255
1056963559
15728640
1113587712
1115947008
1127219200
-6710887
1052769255
1055917081
15728640
