0 0 1065353216 -1 1050674201 1044383793 33024 0 0 0 -1 1050674201 1046476751 33024 1065353216 0 0 -1 1051720679 1046476751 33024 1065353216 0 1065353216 -1 1051720679 1044383793 33024 3407872 2883584 3407872 3932160 1056964608 1056964608 1056964608 1056964608 0 0 4632092954238910464 4634274385308418048 4640396466051874816
0 1065353216 0 -1 1046480945 1052771353 32512 0 1065353216 1065353216 -1 1046480945 1053817831 32512 1065353216 1065353216 1065353216 -1 1048573903 1053817831 32512 1065353216 1065353216 0 -1 1048573903 1052771353 32512 6291456 6291456 6291456 6291456 1065353216 1065353216 1065353216 1065353216 1 9551193 4632092954238910464 4634274385308418048 4640396466051874816
1065353216 1065353216 0 -1 1040189489 1052771353 8454144 1065353216 0 0 -1 1040189489 1053817831 8454144 0 0 0 -1 1042282447 1053817831 8454144 0 1065353216 0 -1 1042282447 1052771353 8454144 5505024 3670016 2883584 4718592 1061997773 1061997773 1061997773 1061997773 0 0 4632092954238910464 4634274385308418048 4640396466051874816
1065353216 1065353216 0 -1 1042286641 1052771353 8454144 1065353216 0 0 -1 1042286641 1053817831 8454144 0 0 0 -1 1044379599 1053817831 8454144 0 1065353216 0 -1 1044379599 1052771353 8454144 5505024 3670016 2883584 4718592 1061997773 1061997773 1061997773 1061997773 1 9551193 4632092954238910464 4634274385308418048 4640396466051874816
0 1065353216 1065353216 -1 1040189489 1052771353 8323072 0 0 1065353216 -1 1040189489 1053817831 8323072 1065353216 0 1065353216 -1 1042282447 1053817831 8323072 1065353216 1065353216 1065353216 -1 1042282447 1052771353 8323072 3932160 3407872 4456448 4980736 1061997773 1061997773 1061997773 1061997773 0 0 4632092954238910464 4634274385308418048 4640396466051874816
0 1065353216 1065353216 -1 1042286641 1052771353 8323072 0 0 1065353216 -1 1042286641 1053817831 8323072 1065353216 0 1065353216 -1 1044379599 1053817831 8323072 1065353216 1065353216 1065353216 -1 1044379599 1052771353 8323072 3932160 3407872 4456448 4980736 1061997773 1061997773 1061997773 1061997773 1 9551193 4632092954238910464 4634274385308418048 4640396466051874816
0 1065353216 0 -1 1040189489 1052771353 129 0 0 0 -1 1040189489 1053817831 129 0 0 1065353216 -1 1042282447 1053817831 129 0 1065353216 1065353216 -1 1042282447 1052771353 129 4718592 3145728 3145728 4718592 1058642330 1058642330 1058642330 1058642330 0 0 4632092954238910464 4634274385308418048 4640396466051874816
0 1065353216 0 -1 1042286641 1052771353 129 0 0 0 -1 1042286641 1053817831 129 0 0 1065353216 -1 1044379599 1053817831 129 0 1065353216 1065353216 -1 1044379599 1052771353 129 4718592 3145728 3145728 4718592 1058642330 1058642330 1058642330 1058642330 1 9551193 4632092954238910464 4634274385308418048 4640396466051874816
1065353216 1065353216 1065353216 -1 1040189489 1052771353 127 1065353216 0 1065353216 -1 1040189489 1053817831 127 1065353216 0 0 -1 1042282447 1053817831 127 1065353216 1065353216 0 -1 1042282447 1052771353 127 5767168 4718592 4980736 6029312 1056293520 1056293520 1056293520 1056293520 0 0 4632092954238910464 4634274385308418048 4640396466051874816
1065353216 1065353216 1065353216 -1 1042286641 1052771353 127 1065353216 0 1065353216 -1 1042286641 1053817831 127 1065353216 0 0 -1 1044379599 1053817831 127 1065353216 1065353216 0 -1 1044379599 1052771353 127 5767168 4718592 4980736 6029312 1056293520 1056293520 1056293520 1056293520 1 9551193 4632092954238910464 4634274385308418048 4640396466051874816
0 0 1065353216 -1 939725423 1055917081 33024 0 0 0 -1 939725423 1056963559 33024 1065353216 0 0 -1 1023393399 1056963559 33024 1065353216 0 1065353216 -1 1023393399 1055917081 33024 3932160 3407872 5242880 6291456 1056964608 1056964608 1056964608 1056964608 1 7842607 4632233691727265792 4634274385308418048 4640396466051874816
0 1065353216 0 -1 939725423 1055917081 32512 0 1065353216 1065353216 -1 939725423 1056963559 32512 1065353216 1065353216 1065353216 -1 1023393399 1056963559 32512 1065353216 1065353216 0 -1 1023393399 1055917081 32512 6291456 6291456 7864320 7864320 1065353216 1065353216 1065353216 1065353216 1 7842607 4632233691727265792 4634274385308418048 4640396466051874816
1065353216 1065353216 0 -1 939725423 1055917081 8454144 1065353216 0 0 -1 939725423 1056963559 8454144 0 0 0 -1 1023393399 1056963559 8454144 0 1065353216 0 -1 1023393399 1055917081 8454144 7077888 5505024 3932160 5505024 1061997773 1061997773 1061997773 1061997773 1 7842607 4632233691727265792 4634274385308418048 4640396466051874816
0 1065353216 1065353216 -1 939725423 1055917081 8323072 0 0 1065353216 -1 939725423 1056963559 8323072 1065353216 0 1065353216 -1 1023393399 1056963559 8323072 1065353216 1065353216 1065353216 -1 1023393399 1055917081 8323072 4456448 4194304 6815744 7077888 1061997773 1061997773 1061997773 1061997773 1 7842607 4632233691727265792 4634274385308418048 4640396466051874816
0 1065353216 0 -1 939725423 1055917081 129 0 0 0 -1 939725423 1056963559 129 0 0 1065353216 -1 1023393399 1056963559 129 0 1065353216 1065353216 -1 1023393399 1055917081 129 3932160 2359296 2359296 3932160 1056293520 1056293520 1056293520 1056293520 1 7842607 4632233691727265792 4634274385308418048 4640396466051874816
1065353216 1065353216 1065353216 -1 939725423 1055917081 127 1065353216 0 1065353216 -1 939725423 1056963559 127 1065353216 0 0 -1 1023393399 1056963559 127 1065353216 1065353216 0 -1 1023393399 1055917081 127 9175040 8126464 8388608 9437184 1058642330 1058642330 1058642330 1058642330 1 7842607 4632233691727265792 4634274385308418048 4640396466051874816
0 1056964608 0 -1 1058013708 1035997282 32512 0 1056964608 1065353216 -1 1058013708 1040183198 32512 1065353216 1056964608 1065353216 -1 1058536948 1040183198 32512 1065353216 1056964608 0 -1 1058536948 1035997282 32512 7340032 7077888 9175040 9437184 1058642330 1058642330 1058642330 1058642330 0 0 4632374429215621120 4634274385308418048 4640396466051874816
835509806 1065353216 1056964608 -1 1058013708 1035995185 8323072 835509806 1056964608 1056964608 -1 1058013708 1038088143 8323072 1065353216 1056964608 1056964608 -1 1058536948 1038088143 8323072 1065353216 1065353216 1056964608 -1 1058536948 1035995185 8323072 7077888 6815744 8388608 8650752 1056293520 1056293520 1056293520 1056293520 0 0 4632374429215621120 4634274385308418048 4640396466051874816
0 0 1065353216 -1 1058013708 1035997282 33024 0 0 0 -1 1058013708 1040183198 33024 1065353216 0 0 -1 1058536948 1040183198 33024 1065353216 0 1065353216 -1 1058536948 1035997282 33024 6291456 5505024 8650752 9437184 1056964608 1056964608 1056964608 1056964608 0 0 4632374429215621120 4634274385308418048 4640396466051874816
835509806 1056964608 1056964608 -1 1058013708 1038092337 33024 835509806 1056964608 0 -1 1058013708 1040185295 33024 1065353216 1056964608 0 -1 1058536948 1040185295 33024 1065353216 1056964608 1056964608 -1 1058536948 1038092337 33024 6684672 6815744 7864320 7733248 1050253722 1050253722 1050253722 1050253722 0 0 4632374429215621120 4634274385308418048 4640396466051874816
835509806 1065353216 0 -1 1058013708 1035995185 32512 835509806 1065353216 1056964608 -1 1058013708 1038088143 32512 1065353216 1065353216 1056964608 -1 1058536948 1038088143 32512 1065353216 1065353216 0 -1 1058536948 1035995185 32512 7864320 7471104 10616832 11010048 1065353216 1065353216 1065353216 1065353216 0 0 4632374429215621120 4634274385308418048 4640396466051874816
1065353216 1056964608 0 -1 1058013708 1038092337 8454144 1065353216 0 0 -1 1058013708 1040185295 8454144 843898414 0 0 -1 1058536948 1040185295 8454144 843898414 1056964608 0 -1 1058536948 1038092337 8454144 9437184 8650752 7077888 7864320 1061997773 1061997773 1061997773 1061997773 0 0 4632374429215621120 4634274385308418048 4640396466051874816
1065353216 1065353216 0 -1 1058013708 1035995185 8454144 1065353216 1056964608 0 -1 1058013708 1038088143 8454144 843898414 1056964608 0 -1 1058536948 1038088143 8454144 843898414 1065353216 0 -1 1058536948 1035995185 8454144 10223616 9437184 7864320 8650752 1061997773 1061997773 1061997773 1061997773 0 0 4632374429215621120 4634274385308418048 4640396466051874816
0 1056964608 1065353216 -1 1058013708 1038092337 8323072 0 0 1065353216 -1 1058013708 1040185295 8323072 1065353216 0 1065353216 -1 1058536948 1040185295 8323072 1065353216 1056964608 1065353216 -1 1058536948 1038092337 8323072 6553600 6815744 9961472 9699328 1061997773 1061997773 1061997773 1061997773 0 0 4632374429215621120 4634274385308418048 4640396466051874816
0 1056964608 0 -1 1058013708 1038092337 129 0 0 0 -1 1058013708 1040185295 129 0 0 1065353216 -1 1058536948 1040185295 129 0 1056964608 1065353216 -1 1058536948 1038092337 129 5373952 4718592 4980736 5373952 1056293520 1056293520 1056293520 1056293520 0 0 4632374429215621120 4634274385308418048 4640396466051874816
835509806 1065353216 0 -1 1058013446 1035995185 129 835509806 1056964608 0 -1 1058013446 1038088143 129 835509806 1056964608 1056964608 -1 1058275066 1038088143 129 835509806 1065353216 1056964608 -1 1058275066 1035995185 129 6029312 5373952 5373952 5898240 1056293520 1056293520 1056293520 1056293520 0 0 4632374429215621120 4634274385308418048 4640396466051874816
1065353216 1056964608 1065353216 -1 1058013708 1038092337 127 1065353216 0 1065353216 -1 1058013708 1040185295 127 1065353216 0 0 -1 1058536948 1040185295 127 1065353216 1056964608 0 -1 1058536948 1038092337 127 8388608 8388608 8126464 8781824 1056293520 1056293520 1056293520 1056293520 0 0 4632374429215621120 4634274385308418048 4640396466051874816
1065353216 1065353216 1056964608 -1 1058275590 1035995185 127 1065353216 1056964608 1056964608 -1 1058275590 1038088143 127 1065353216 1056964608 0 -1 1058537210 1038088143 127 1065353216 1065353216 0 -1 1058537210 1035995185 127 8912896 8585216 8781824 9437184 1056293520 1056293520 1056293520 1056293520 0 0 4632374429215621120 4634274385308418048 4640396466051874816
0 0 1065353216 -1 1061159436 939725423 33024 0 0 0 -1 1061159436 1023393399 33024 1065353216 0 0 -1 1061682676 1023393399 33024 1065353216 0 1065353216 -1 1061682676 939725423 33024 9437184 8388608 11796480 12320768 1056964608 1056964608 1056964608 1056964608 0 0 4632515166703976448 4634274385308418048 4640396466051874816
0 1065353216 0 -1 1061159436 939725423 32512 0 1065353216 1065353216 -1 1061159436 1023393399 32512 1065353216 1065353216 1065353216 -1 1061682676 1023393399 32512 1065353216 1065353216 0 -1 1061682676 939725423 32512 11010048 10223616 12582912 14155776 1065353216 1065353216 1065353216 1065353216 0 0 4632515166703976448 4634274385308418048 4640396466051874816
1065353216 1065353216 0 -1 1061159436 939725423 8454144 1065353216 0 0 -1 1061159436 1023393399 8454144 0 0 0 -1 1061682676 1023393399 8454144 0 1065353216 0 -1 1061682676 939725423 8454144 14155776 12582912 10223616 11796480 1061997773 1061997773 1061997773 1061997773 0 0 4632515166703976448 4634274385308418048 4640396466051874816
0 1065353216 1065353216 -1 1061159436 939725423 8323072 0 0 1065353216 -1 1061159436 1023393399 8323072 1065353216 0 1065353216 -1 1061682676 1023393399 8323072 1065353216 1065353216 1065353216 -1 1061682676 939725423 8323072 9437184 9961472 13107200 12058624 1061997773 1061997773 1061997773 1061997773 0 0 4632515166703976448 4634274385308418048 4640396466051874816
0 1065353216 0 -1 1061159436 939725423 129 0 0 0 -1 1061159436 1023393399 129 0 0 1065353216 -1 1061682676 1023393399 129 0 1065353216 1065353216 -1 1061682676 939725423 129 9437184 8388608 8126464 9175040 1058642330 1058642330 1058642330 1058642330 0 0 4632515166703976448 4634274385308418048 4640396466051874816
1065353216 1065353216 1065353216 -1 1061159436 939725423 127 1065353216 0 1065353216 -1 1061159436 1023393399 127 1065353216 0 0 -1 1061682676 1023393399 127 1065353216 1065353216 0 -1 1061682676 939725423 127 10747904 10747904 10485760 11796480 1056293520 1056293520 1056293520 1056293520 0 0 4632515166703976448 4634274385308418048 4640396466051874816
0 0 1065353216 -1 1050674201 1044383793 33024 0 0 0 -1 1050674201 1046476751 33024 1065353216 0 0 -1 1051720679 1046476751 33024 1065353216 0 1065353216 -1 1051720679 1044383793 33024 12320768 11796480 13893632 14417920 1056964608 1056964608 1056964608 1056964608 0 0 4632655904192331776 4634274385308418048 4640396466051874816
0 1065353216 0 -1 1050674201 1044383793 32512 0 1065353216 1065353216 -1 1050674201 1046476751 32512 1065353216 1065353216 1065353216 -1 1051720679 1046476751 32512 1065353216 1065353216 0 -1 1051720679 1044383793 32512 14155776 12582912 14942208 15728640 1065353216 1065353216 1065353216 1065353216 0 0 4632655904192331776 4634274385308418048 4640396466051874816
1065353216 1065353216 0 -1 1050674201 1044383793 8454144 1065353216 0 0 -1 1050674201 1046476751 8454144 0 0 0 -1 1051720679 1046476751 8454144 0 1065353216 0 -1 1051720679 1044383793 8454144 15728640 14942208 13369344 14155776 1061997773 1061997773 1061997773 1061997773 0 0 4632655904192331776 4634274385308418048 4640396466051874816
0 1065353216 1065353216 -1 1050674201 1044383793 8323072 0 0 1065353216 -1 1050674201 1046476751 8323072 1065353216 0 1065353216 -1 1051720679 1046476751 8323072 1065353216 1065353216 1065353216 -1 1051720679 1044383793 8323072 12058624 13107200 15204352 14680064 1061997773 1061997773 1061997773 1061997773 0 0 4632655904192331776 4634274385308418048 4640396466051874816
0 1065353216 0 -1 1050674201 1044383793 129 0 0 0 -1 1050674201 1046476751 129 0 0 1065353216 -1 1051720679 1046476751 129 0 1065353216 1065353216 -1 1051720679 1044383793 129 9437184 8388608 8126464 9175040 1056293520 1056293520 1056293520 1056293520 0 0 4632655904192331776 4634274385308418048 4640396466051874816
1065353216 1065353216 1065353216 -1 1050674201 1044383793 127 1065353216 0 1065353216 -1 1050674201 1046476751 127 1065353216 0 0 -1 1051720679 1046476751 127 1065353216 1065353216 0 -1 1051720679 1044383793 127 11796480 11534336 11534336 11796480 1056293520 1056293520 1056293520 1056293520 0 0 4632655904192331776 4634274385308418048 4640396466051874816
0 0 1065353216 -1 939725423 1046480945 33024 0 0 0 -1 939725423 1048573903 33024 1065353216 0 0 -1 1023393399 1048573903 33024 1065353216 0 1065353216 -1 1023393399 1046480945 33024 14417920 14417920 14942208 14942208 1056964608 1056964608 1056964608 1056964608 0 0 4632796641680687104 4634274385308418048 4640396466051874816
0 1065353216 0 -1 939725423 1046480945 32512 0 1065353216 1065353216 -1 939725423 1048573903 32512 1065353216 1065353216 1065353216 -1 1023393399 1048573903 32512 1065353216 1065353216 0 -1 1023393399 1046480945 32512 15728640 14942208 15728640 15728640 1065353216 1065353216 1065353216 1065353216 0 0 4632796641680687104 4634274385308418048 4640396466051874816
1065353216 1065353216 0 -1 939725423 1046480945 8454144 1065353216 0 0 -1 939725423 1048573903 8454144 0 0 0 -1 1023393399 1048573903 8454144 0 1065353216 0 -1 1023393399 1046480945 8454144 15728640 15728640 14942208 15728640 1061997773 1061997773 1061997773 1061997773 0 0 4632796641680687104 4634274385308418048 4640396466051874816
0 1065353216 1065353216 -1 939725423 1046480945 8323072 0 0 1065353216 -1 939725423 1048573903 8323072 1065353216 0 1065353216 -1 1023393399 1048573903 8323072 1065353216 1065353216 1065353216 -1 1023393399 1046480945 8323072 14680064 15204352 15728640 15728640 1061997773 1061997773 1061997773 1061997773 0 0 4632796641680687104 4634274385308418048 4640396466051874816
0 1065353216 0 -1 939725423 1046480945 129 0 0 0 -1 939725423 1048573903 129 0 0 1065353216 -1 1023393399 1048573903 129 0 1065353216 1065353216 -1 1023393399 1046480945 129 11796480 10747904 10485760 11534336 1056293520 1056293520 1056293520 1056293520 0 0 4632796641680687104 4634274385308418048 4640396466051874816
1065353216 1065353216 1065353216 -1 939725423 1046480945 127 1065353216 0 1065353216 -1 939725423 1048573903 127 1065353216 0 0 -1 1023393399 1048573903 127 1065353216 1065353216 0 -1 1023393399 1046480945 127 11796480 11534336 11534336 11796480 1056293520 1056293520 1056293520 1056293520 0 0 4632796641680687104 4634274385308418048 4640396466051874816
0 0 1065353216 -1 1052771353 1055917081 33024 0 0 0 -1 1052771353 1056963559 33024 1065353216 0 0 -1 1053817831 1056963559 33024 1065353216 0 1065353216 -1 1053817831 1055917081 33024 14942208 14942208 15466496 15466496 1056964608 1056964608 1056964608 1056964608 0 0 4632937379169042432 4634274385308418048 4640396466051874816
0 1065353216 0 -1 1052771353 1055917081 32512 0 1065353216 1065353216 -1 1052771353 1056963559 32512 1065353216 1065353216 1065353216 -1 1053817831 1056963559 32512 1065353216 1065353216 0 -1 1053817831 1055917081 32512 15728640 15728640 15728640 15728640 1065353216 1065353216 1065353216 1065353216 0 0 4632937379169042432 4634274385308418048 4640396466051874816
1065353216 1065353216 0 -1 1051722777 1055917081 8454144 1065353216 0 0 -1 1051722777 1056963559 8454144 0 0 0 -1 1052769255 1056963559 8454144 0 1065353216 0 -1 1052769255 1055917081 8454144 15728640 15728640 15728640 15728640 1061997773 1061997773 1061997773 1061997773 0 0 4632937379169042432 4634274385308418048 4640396466051874816
0 1065353216 1065353216 -1 1051722777 1055917081 8323072 0 0 1065353216 -1 1051722777 1056963559 8323072 1065353216 0 1065353216 -1 1052769255 1056963559 8323072 1065353216 1065353216 1065353216 -1 1052769255 1055917081 8323072 15728640 15728640 15728640 15728640 1061997773 1061997773 1061997773 1061997773 0 0 4632937379169042432 4634274385308418048 4640396466051874816
0 1065353216 0 -1 1051722777 1055917081 129 0 0 0 -1 1051722777 1056963559 129 0 0 1065353216 -1 1052769255 1056963559 129 0 1065353216 1065353216 -1 1052769255 1055917081 129 11796480 11534336 11534336 11796480 1056293520 1056293520 1056293520 1056293520 0 0 4632937379169042432 4634274385308418048 4640396466051874816
1065353216 1065353216 1065353216 -1 1051722777 1055917081 127 1065353216 0 1065353216 -1 1051722777 1056963559 127 1065353216 0 0 -1 1052769255 1056963559 127 1065353216 1065353216 0 -1 1052769255 1055917081 127 15728640 15728640 15728640 15728640 1058642330 1058642330 1058642330 1058642330 0 0 4632937379169042432 4634274385308418048 4640396466051874816
