1111752704
1115815936
1127284736
-8421505
1050674201
1044383793
0
1111752704
1115815936
1127219200
-8421505
1050674201
1046476751
0
1112014848
1115815936
1127219200
-8421505
1051720679
1046476751
0
1112014848
1115815936
1127284736
-8421505
1051720679
1044383793
0
1111752704
1115947008
1127219200
-10895983
1046480945
1052771353
0
1111752704
1115947008
1127284736
-10895983
1046480945
1053817831
0
1112014848
1115947008
1127284736
-10895983
1048573903
1053817831
0
1112014848
1115947008
1127219200
-10895983
1048573903
1052771353
0
1112014848
1115947008
1127219200
-3355444
1040189489
1052771353
0
1112014848
1115815936
1127219200
-3355444
1040189489
1053817831
0
1111752704
1115815936
1127219200
-3355444
1042282447
1053817831
0
1111752704
1115947008
1127219200
-3355444
1042282447
1052771353
0
1112014848
1115947008
1127219200
-12085388
1042286641
1052771353
0
1112014848
1115815936
1127219200
-12085388
1042286641
1053817831
0
1111752704
1115815936
1127219200
-12085388
1044379599
1053817831
0
1111752704
1115947008
1127219200
-12085388
1044379599
1052771353
0
1111752704
1115947008
1127284736
-3355444
1040189489
1052771353
0
1111752704
1115815936
1127284736
-3355444
1040189489
1053817831
0
1112014848
1115815936
1127284736
-3355444
1042282447
1053817831
0
1112014848
1115947008
1127284736
-3355444
1042282447
1052771353
0
1111752704
1115947008
1127284736
-12085388
1042286641
1052771353
0
1111752704
1115815936
1127284736
-12085388
1042286641
1053817831
0
1112014848
1115815936
1127284736
-12085388
1044379599
1053817831
0
1112014848
1115947008
1127284736
-12085388
1044379599
1052771353
0
1111752704
1115947008
1127219200
-6710887
1040189489
1052771353
0
1111752704
1115815936
1127219200
-6710887
1040189489
1053817831
0
1111752704
1115815936
1127284736
-6710887
1042282447
1053817831
0
1111752704
1115947008
1127284736
-6710887
1042282447
1052771353
0
1111752704
1115947008
1127219200
-13274793
1042286641
1052771353
0
1111752704
1115815936
1127219200
-13274793
1042286641
1053817831
0
1111752704
1115815936
1127284736
-13274793
1044379599
1053817831
0
1111752704
1115947008
1127284736
-13274793
1044379599
1052771353
0
1112014848
1115947008
1127284736
-6710887
1040189489
1052771353
0
1112014848
1115815936
1127284736
-6710887
1040189489
1053817831
0
1112014848
1115815936
1127219200
-6710887
1042282447
1053817831
0
1112014848
1115947008
1127219200
-6710887
1042282447
1052771353
0
1112014848
1115947008
1127284736
-13274793
1042286641
1052771353
0
1112014848
1115815936
1127284736
-13274793
1042286641
1053817831
0
1112014848
1115815936
1127219200
-13274793
1044379599
1053817831
0
1112014848
1115947008
1127219200
-13274793
1044379599
1052771353
0
1112014848
1115815936
1127284736
-15248069
939725423
1055917081
5242880
1112014848
1115815936
1127219200
-15248069
939725423
1056963559
5242880
1112276992
1115815936
1127219200
-15248069
1023393399
1056963559
5242880
1112276992
1115815936
1127284736
-15248069
1023393399
1055917081
5242880
1112014848
1115947008
1127219200
-13653129
939725423
1055917081
5242880
1112014848
1115947008
1127284736
-13653129
939725423
1056963559
5242880
1112276992
1115947008
1127284736
-13653129
1023393399
1056963559
5242880
1112276992
1115947008
1127219200
-13653129
1023393399
1055917081
5242880
1112276992
1115947008
1127219200
-14317473
939725423
1055917081
5242880
1112276992
1115815936
1127219200
-14317473
939725423
1056963559
5242880
1112014848
1115815936
1127219200
-14317473
1023393399
1056963559
5242880
1112014848
1115947008
1127219200
-14317473
1023393399
1055917081
5242880
1112014848
1115947008
1127284736
-14317473
939725423
1055917081
5242880
1112014848
1115815936
1127284736
-14317473
939725423
1056963559
5242880
1112276992
1115815936
1127284736
-14317473
1023393399
1056963559
5242880
1112276992
1115947008
1127284736
-14317473
1023393399
1055917081
5242880
1112014848
1115947008
1127219200
-14916025
939725423
1055917081
5242880
1112014848
1115815936
1127219200
-14916025
939725423
1056963559
5242880
1112014848
1115815936
1127284736
-14916025
1023393399
1056963559
5242880
1112014848
1115947008
1127284736
-14916025
1023393399
1055917081
5242880
1112276992
1115947008
1127284736
-14916025
939725423
1055917081
5242880
1112276992
1115815936
1127284736
-14916025
939725423
1056963559
5242880
1112276992
1115815936
1127219200
-14916025
1023393399
1056963559
5242880
1112276992
1115947008
1127219200
-14916025
1023393399
1055917081
5242880
1112276992
1115881472
1127219200
-1
1058013708
1035997282
9437184
1112276992
1115881472
1127284736
-1
1058013708
1040183198
9437184
1112539136
1115881472
1127284736
-1
1058536948
1040183198
9437184
1112539136
1115881472
1127219200
-1
1058536948
1035997282
9437184
1112276992
1115947008
1127251968
-3355444
1058013708
1035995185
9437184
1112276992
1115881472
1127251968
-3355444
1058013708
1038088143
9437184
1112539136
1115881472
1127251968
-3355444
1058536948
1038088143
9437184
1112539136
1115947008
1127251968
-3355444
1058536948
1035995185
9437184
1112276992
1115815936
1127284736
-8421505
1058013708
1035997282
9437184
1112276992
1115815936
1127219200
-8421505
1058013708
1040183198
9437184
1112539136
1115815936
1127219200
-8421505
1058536948
1040183198
9437184
1112539136
1115815936
1127284736
-8421505
1058536948
1035997282
9437184
1112276992
1115881472
1127251968
-8421505
1058013708
1038092337
9437184
1112276992
1115881472
1127219200
-8421505
1058013708
1040185295
9437184
1112539136
1115881472
1127219200
-8421505
1058536948
1040185295
9437184
1112539136
1115881472
1127251968
-8421505
1058536948
1038092337
9437184
1112276992
1115947008
1127219200
-1
1058013708
1035995185
9437184
1112276992
1115947008
1127251968
-1
1058013708
1038088143
9437184
1112539136
1115947008
1127251968
-1
1058536948
1038088143
9437184
1112539136
1115947008
1127219200
-1
1058536948
1035995185
9437184
1112539136
1115881472
1127219200
-3355444
1058013708
1038092337
9437184
1112539136
1115815936
1127219200
-3355444
1058013708
1040185295
9437184
1112276992
1115815936
1127219200
-3355444
1058536948
1040185295
9437184
1112276992
1115881472
1127219200
-3355444
1058536948
1038092337
9437184
1112539136
1115947008
1127219200
-3355444
1058013708
1035995185
9437184
1112539136
1115881472
1127219200
-3355444
1058013708
1038088143
9437184
1112276992
1115881472
1127219200
-3355444
1058536948
1038088143
9437184
1112276992
1115947008
1127219200
-3355444
1058536948
1035995185
9437184
1112276992
1115881472
1127284736
-3355444
1058013708
1038092337
9437184
1112276992
1115815936
1127284736
-3355444
1058013708
1040185295
9437184
1112539136
1115815936
1127284736
-3355444
1058536948
1040185295
9437184
1112539136
1115881472
1127284736
-3355444
1058536948
1038092337
9437184
1112276992
1115881472
1127219200
-6710887
1058013708
1038092337
9437184
1112276992
1115815936
1127219200
-6710887
1058013708
1040185295
9437184
1112276992
1115815936
1127284736
-6710887
1058536948
1040185295
9437184
1112276992
1115881472
1127284736
-6710887
1058536948
1038092337
9437184
1112276992
1115947008
1127219200
-6710887
1058013446
1035995185
9437184
1112276992
1115881472
1127219200
-6710887
1058013446
1038088143
9437184
1112276992
1115881472
1127251968
-6710887
1058275066
1038088143
9437184
1112276992
1115947008
1127251968
-6710887
1058275066
1035995185
9437184
1112539136
1115881472
1127284736
-6710887
1058013708
1038092337
9437184
1112539136
1115815936
1127284736
-6710887
1058013708
1040185295
9437184
1112539136
1115815936
1127219200
-6710887
1058536948
1040185295
9437184
1112539136
1115881472
1127219200
-6710887
1058536948
1038092337
9437184
1112539136
1115947008
1127251968
-6710887
1058275590
1035995185
9437184
1112539136
1115881472
1127251968
-6710887
1058275590
1038088143
9437184
1112539136
1115881472
1127219200
-6710887
1058537210
1038088143
9437184
1112539136
1115947008
1127219200
-6710887
1058537210
1035995185
9437184
1112539136
1115815936
1127284736
-8421505
1061159436
939725423
0
1112539136
1115815936
1127219200
-8421505
1061159436
1023393399
0
1112801280
1115815936
1127219200
-8421505
1061682676
1023393399
0
1112801280
1115815936
1127284736
-8421505
1061682676
939725423
0
1112539136
1115947008
1127219200
-1
1061159436
939725423
0
1112539136
1115947008
1127284736
-1
1061159436
1023393399
0
1112801280
1115947008
1127284736
-1
1061682676
1023393399
0
1112801280
1115947008
1127219200
-1
1061682676
939725423
0
1112801280
1115947008
1127219200
-3355444
1061159436
939725423
0
1112801280
1115815936
1127219200
-3355444
1061159436
1023393399
0
1112539136
1115815936
1127219200
-3355444
1061682676
1023393399
0
1112539136
1115947008
1127219200
-3355444
1061682676
939725423
0
1112539136
1115947008
1127284736
-3355444
1061159436
939725423
0
1112539136
1115815936
1127284736
-3355444
1061159436
1023393399
0
1112801280
1115815936
1127284736
-3355444
1061682676
1023393399
0
1112801280
1115947008
1127284736
-3355444
1061682676
939725423
0
1112539136
1115947008
1127219200
-6710887
1061159436
939725423
0
1112539136
1115815936
1127219200
-6710887
1061159436
1023393399
0
1112539136
1115815936
1127284736
-6710887
1061682676
1023393399
0
1112539136
1115947008
1127284736
-6710887
1061682676
939725423
0
1112801280
1115947008
1127284736
-6710887
1061159436
939725423
0
1112801280
1115815936
1127284736
-6710887
1061159436
1023393399
0
1112801280
1115815936
1127219200
-6710887
1061682676
1023393399
0
1112801280
1115947008
1127219200
-6710887
1061682676
939725423
0
1112801280
1115815936
1127284736
-8421505
1050674201
1044383793
0
1112801280
1115815936
1127219200
-8421505
1050674201
1046476751
0
1113063424
1115815936
1127219200
-8421505
1051720679
1046476751
0
1113063424
1115815936
1127284736
-8421505
1051720679
1044383793
0
1112801280
1115947008
1127219200
-1
1050674201
1044383793
0
1112801280
1115947008
1127284736
-1
1050674201
1046476751
0
1113063424
1115947008
1127284736
-1
1051720679
1046476751
0
1113063424
1115947008
1127219200
-1
1051720679
1044383793
0
1113063424
1115947008
1127219200
-3355444
1050674201
1044383793
0
1113063424
1115815936
1127219200
-3355444
1050674201
1046476751
0
1112801280
1115815936
1127219200
-3355444
1051720679
1046476751
0
1112801280
1115947008
1127219200
-3355444
1051720679
1044383793
0
1112801280
1115947008
1127284736
-3355444
1050674201
1044383793
0
1112801280
1115815936
1127284736
-3355444
1050674201
1046476751
0
1113063424
1115815936
1127284736
-3355444
1051720679
1046476751
0
1113063424
1115947008
1127284736
-3355444
1051720679
1044383793
0
1112801280
1115947008
1127219200
-6710887
1050674201
1044383793
0
1112801280
1115815936
1127219200
-6710887
1050674201
1046476751
0
1112801280
1115815936
1127284736
-6710887
1051720679
1046476751
0
1112801280
1115947008
1127284736
-6710887
1051720679
1044383793
0
1113063424
1115947008
1127284736
-6710887
1050674201
1044383793
0
1113063424
1115815936
1127284736
-6710887
1050674201
1046476751
0
1113063424
1115815936
1127219200
-6710887
1051720679
1046476751
0
1113063424
1115947008
1127219200
-6710887
1051720679
1044383793
0
1113063424
1115815936
1127284736
-8421505
939725423
1046480945
0
1113063424
1115815936
1127219200
-8421505
939725423
1048573903
0
1113325568
1115815936
1127219200
-8421505
1023393399
1048573903
0
1113325568
1115815936
1127284736
-8421505
1023393399
1046480945
0
1113063424
1115947008
1127219200
-1
939725423
1046480945
0
1113063424
1115947008
1127284736
-1
939725423
1048573903
0
1113325568
1115947008
1127284736
-1
1023393399
1048573903
0
1113325568
1115947008
1127219200
-1
1023393399
1046480945
0
1113325568
1115947008
1127219200
-3355444
939725423
1046480945
0
1113325568
1115815936
1127219200
-3355444
939725423
1048573903
0
1113063424
1115815936
1127219200
-3355444
1023393399
1048573903
0
1113063424
1115947008
1127219200
-3355444
1023393399
1046480945
0
1113063424
1115947008
1127284736
-3355444
939725423
1046480945
0
1113063424
1115815936
1127284736
-3355444
939725423
1048573903
0
1113325568
1115815936
1127284736
-3355444
1023393399
1048573903
0
1113325568
1115947008
1127284736
-3355444
1023393399
1046480945
0
1113063424
1115947008
1127219200
-6710887
939725423
1046480945
0
1113063424
1115815936
1127219200
-6710887
939725423
1048573903
0
1113063424
1115815936
1127284736
-6710887
1023393399
1048573903
0
1113063424
1115947008
1127284736
-6710887
1023393399
1046480945
0
1113325568
1115947008
1127284736
-6710887
939725423
1046480945
0
1113325568
1115815936
1127284736
-6710887
939725423
1048573903
0
1113325568
1115815936
1127219200
-6710887
1023393399
1048573903
0
1113325568
1115947008
1127219200
-6710887
1023393399
1046480945
0
1113325568
1115815936
1127284736
-8421505
1052771353
1055917081
0
1113325568
1115815936
1127219200
-8421505
1052771353
1056963559
0
1113587712
1115815936
1127219200
-8421505
1053817831
1056963559
0
1113587712
1115815936
1127284736
-8421505
1053817831
1055917081
0
1113325568
1115947008
1127219200
-1
1052771353
1055917081
0
1113325568
1115947008
1127284736
-1
1052771353
1056963559
0
1113587712
1115947008
1127284736
-1
1053817831
1056963559
0
1113587712
1115947008
1127219200
-1
1053817831
1055917081
0
1113587712
1115947008
1127219200
-3355444
1051722777
1055917081
0
1113587712
1115815936
1127219200
-3355444
1051722777
1056963559
0
1113325568
1115815936
1127219200
-3355444
1052769255
1056963559
0
1113325568
1115947008
1127219200
-3355444
1052769255
1055917081
0
1113325568
1115947008
1127284736
-3355444
1051722777
1055917081
0
1113325568
1115815936
1127284736
-3355444
1051722777
1056963559
0
1113587712
1115815936
1127284736
-3355444
1052769255
1056963559
0
1113587712
1115947008
1127284736
-3355444
1052769255
1055917081
0
1113325568
1115947008
1127219200
-6710887
1051722777
1055917081
0
1113325568
1115815936
1127219200
-6710887
1051722777
1056963559
0
1113325568
1115815936
1127284736
-6710887
1052769255
1056963559
0
1113325568
1115947008
1127284736
-6710887
1052769255
1055917081
0
1113587712
1115947008
1127284736
-6710887
1051722777
1055917081
0
1113587712
1115815936
1127284736
-6710887
1051722777
1056963559
0
1113587712
1115815936
1127219200
-6710887
1052769255
1056963559
0
1113587712
1115947008
1127219200
-6710887
1052769255
1055917081
0
