0 0 1065353216 -1 1050674201 1044383793 33024 0 0 0 -1 1050674201 1046476751 33024 1065353216 0 0 -1 1051720679 1046476751 33024 1065353216 0 1065353216 -1 1051720679 1044383793 33024 0 0 0 1 1056964608 4632092954238910464 4634274385308418048 4640396466051874816
0 1065353216 0 -1 1046480945 1052771353 32512 0 1065353216 1065353216 -1 1046480945 1053817831 32512 1065353216 1065353216 1065353216 -1 1048573903 1053817831 32512 1065353216 1065353216 0 -1 1048573903 1052771353 32512 0 1 9551193 1 1065353216 4632092954238910464 4634274385308418048 4640396466051874816
1065353216 1065353216 0 -1 1040189489 1052771353 8454144 1065353216 0 0 -1 1040189489 1053817831 8454144 0 0 0 -1 1042282447 1053817831 8454144 0 1065353216 0 -1 1042282447 1052771353 8454144 0 0 0 1 1061997773 4632092954238910464 4634274385308418048 4640396466051874816
1065353216 1065353216 0 -1 1042286641 1052771353 8454144 1065353216 0 0 -1 1042286641 1053817831 8454144 0 0 0 -1 1044379599 1053817831 8454144 0 1065353216 0 -1 1044379599 1052771353 8454144 0 1 9551193 1 1061997773 4632092954238910464 4634274385308418048 4640396466051874816
0 1065353216 1065353216 -1 1040189489 1052771353 8323072 0 0 1065353216 -1 1040189489 1053817831 8323072 1065353216 0 1065353216 -1 1042282447 1053817831 8323072 1065353216 1065353216 1065353216 -1 1042282447 1052771353 8323072 0 0 0 1 1061997773 4632092954238910464 4634274385308418048 4640396466051874816
0 1065353216 1065353216 -1 1042286641 1052771353 8323072 0 0 1065353216 -1 1042286641 1053817831 8323072 1065353216 0 1065353216 -1 1044379599 1053817831 8323072 1065353216 1065353216 1065353216 -1 1044379599 1052771353 8323072 0 1 9551193 1 1061997773 4632092954238910464 4634274385308418048 4640396466051874816
0 1065353216 0 -1 1040189489 1052771353 129 0 0 0 -1 1040189489 1053817831 129 0 0 1065353216 -1 1042282447 1053817831 129 0 1065353216 1065353216 -1 1042282447 1052771353 129 0 0 0 1 1058642330 4632092954238910464 4634274385308418048 4640396466051874816
0 1065353216 0 -1 1042286641 1052771353 129 0 0 0 -1 1042286641 1053817831 129 0 0 1065353216 -1 1044379599 1053817831 129 0 1065353216 1065353216 -1 1044379599 1052771353 129 0 1 9551193 1 1058642330 4632092954238910464 4634274385308418048 4640396466051874816
1065353216 1065353216 1065353216 -1 1040189489 1052771353 127 1065353216 0 1065353216 -1 1040189489 1053817831 127 1065353216 0 0 -1 1042282447 1053817831 127 1065353216 1065353216 0 -1 1042282447 1052771353 127 0 0 0 1 1058642330 4632092954238910464 4634274385308418048 4640396466051874816
1065353216 1065353216 1065353216 -1 1042286641 1052771353 127 1065353216 0 1065353216 -1 1042286641 1053817831 127 1065353216 0 0 -1 1044379599 1053817831 127 1065353216 1065353216 0 -1 1044379599 1052771353 127 0 1 9551193 1 1058642330 4632092954238910464 4634274385308418048 4640396466051874816
0 0 1065353216 -1 939725423 1055917081 33024 0 0 0 -1 939725423 1056963559 33024 1065353216 0 0 -1 1023393399 1056963559 33024 1065353216 0 1065353216 -1 1023393399 1055917081 33024 5242880 1 7842607 1 1056964608 4632233691727265792 4634274385308418048 4640396466051874816
0 1065353216 0 -1 939725423 1055917081 32512 0 1065353216 1065353216 -1 939725423 1056963559 32512 1065353216 1065353216 1065353216 -1 1023393399 1056963559 32512 1065353216 1065353216 0 -1 1023393399 1055917081 32512 5242880 1 7842607 1 1065353216 4632233691727265792 4634274385308418048 4640396466051874816
1065353216 1065353216 0 -1 939725423 1055917081 8454144 1065353216 0 0 -1 939725423 1056963559 8454144 0 0 0 -1 1023393399 1056963559 8454144 0 1065353216 0 -1 1023393399 1055917081 8454144 5242880 1 7842607 1 1061997773 4632233691727265792 4634274385308418048 4640396466051874816
0 1065353216 1065353216 -1 939725423 1055917081 8323072 0 0 1065353216 -1 939725423 1056963559 8323072 1065353216 0 1065353216 -1 1023393399 1056963559 8323072 1065353216 1065353216 1065353216 -1 1023393399 1055917081 8323072 5242880 1 7842607 1 1061997773 4632233691727265792 4634274385308418048 4640396466051874816
0 1065353216 0 -1 939725423 1055917081 129 0 0 0 -1 939725423 1056963559 129 0 0 1065353216 -1 1023393399 1056963559 129 0 1065353216 1065353216 -1 1023393399 1055917081 129 5242880 1 7842607 1 1058642330 4632233691727265792 4634274385308418048 4640396466051874816
1065353216 1065353216 1065353216 -1 939725423 1055917081 127 1065353216 0 1065353216 -1 939725423 1056963559 127 1065353216 0 0 -1 1023393399 1056963559 127 1065353216 1065353216 0 -1 1023393399 1055917081 127 5242880 1 7842607 1 1058642330 4632233691727265792 4634274385308418048 4640396466051874816
0 1056964608 0 -1 1058013708 1035997282 32512 0 1056964608 1065353216 -1 1058013708 1040183198 32512 1065353216 1056964608 1065353216 -1 1058536948 1040183198 32512 1065353216 1056964608 0 -1 1058536948 1035997282 32512 9437184 0 0 1 1065353216 4632374429215621120 4634274385308418048 4640396466051874816
835509806 1065353216 1056964608 -1 1058013708 1035995185 8323072 835509806 1056964608 1056964608 -1 1058013708 1038088143 8323072 1065353216 1056964608 1056964608 -1 1058536948 1038088143 8323072 1065353216 1065353216 1056964608 -1 1058536948 1035995185 8323072 9437184 0 0 1 1061997773 4632374429215621120 4634274385308418048 4640396466051874816
0 0 1065353216 -1 1058013708 1035997282 33024 0 0 0 -1 1058013708 1040183198 33024 1065353216 0 0 -1 1058536948 1040183198 33024 1065353216 0 1065353216 -1 1058536948 1035997282 33024 9437184 0 0 1 1056964608 4632374429215621120 4634274385308418048 4640396466051874816
835509806 1056964608 1056964608 -1 1058013708 1038092337 33024 835509806 1056964608 0 -1 1058013708 1040185295 33024 1065353216 1056964608 0 -1 1058536948 1040185295 33024 1065353216 1056964608 1056964608 -1 1058536948 1038092337 33024 9437184 0 0 1 1056964608 4632374429215621120 4634274385308418048 4640396466051874816
835509806 1065353216 0 -1 1058013708 1035995185 32512 835509806 1065353216 1056964608 -1 1058013708 1038088143 32512 1065353216 1065353216 1056964608 -1 1058536948 1038088143 32512 1065353216 1065353216 0 -1 1058536948 1035995185 32512 9437184 0 0 1 1065353216 4632374429215621120 4634274385308418048 4640396466051874816
1065353216 1056964608 0 -1 1058013708 1038092337 8454144 1065353216 0 0 -1 1058013708 1040185295 8454144 843898414 0 0 -1 1058536948 1040185295 8454144 843898414 1056964608 0 -1 1058536948 1038092337 8454144 9437184 0 0 1 1061997773 4632374429215621120 4634274385308418048 4640396466051874816
1065353216 1065353216 0 -1 1058013708 1035995185 8454144 1065353216 1056964608 0 -1 1058013708 1038088143 8454144 843898414 1056964608 0 -1 1058536948 1038088143 8454144 843898414 1065353216 0 -1 1058536948 1035995185 8454144 9437184 0 0 1 1061997773 4632374429215621120 4634274385308418048 4640396466051874816
0 1056964608 1065353216 -1 1058013708 1038092337 8323072 0 0 1065353216 -1 1058013708 1040185295 8323072 1065353216 0 1065353216 -1 1058536948 1040185295 8323072 1065353216 1056964608 1065353216 -1 1058536948 1038092337 8323072 9437184 0 0 1 1061997773 4632374429215621120 4634274385308418048 4640396466051874816
0 1056964608 0 -1 1058013708 1038092337 129 0 0 0 -1 1058013708 1040185295 129 0 0 1065353216 -1 1058536948 1040185295 129 0 1056964608 1065353216 -1 1058536948 1038092337 129 9437184 0 0 1 1058642330 4632374429215621120 4634274385308418048 4640396466051874816
835509806 1065353216 0 -1 1058013446 1035995185 129 835509806 1056964608 0 -1 1058013446 1038088143 129 835509806 1056964608 1056964608 -1 1058275066 1038088143 129 835509806 1065353216 1056964608 -1 1058275066 1035995185 129 9437184 0 0 1 1058642330 4632374429215621120 4634274385308418048 4640396466051874816
1065353216 1056964608 1065353216 -1 1058013708 1038092337 127 1065353216 0 1065353216 -1 1058013708 1040185295 127 1065353216 0 0 -1 1058536948 1040185295 127 1065353216 1056964608 0 -1 1058536948 1038092337 127 9437184 0 0 1 1058642330 4632374429215621120 4634274385308418048 4640396466051874816
1065353216 1065353216 1056964608 -1 1058275590 1035995185 127 1065353216 1056964608 1056964608 -1 1058275590 1038088143 127 1065353216 1056964608 0 -1 1058537210 1038088143 127 1065353216 1065353216 0 -1 1058537210 1035995185 127 9437184 0 0 1 1058642330 4632374429215621120 4634274385308418048 4640396466051874816
0 0 1065353216 -1 1061159436 939725423 33024 0 0 0 -1 1061159436 1023393399 33024 1065353216 0 0 -1 1061682676 1023393399 33024 1065353216 0 1065353216 -1 1061682676 939725423 33024 0 0 0 1 1056964608 4632515166703976448 4634274385308418048 4640396466051874816
0 1065353216 0 -1 1061159436 939725423 32512 0 1065353216 1065353216 -1 1061159436 1023393399 32512 1065353216 1065353216 1065353216 -1 1061682676 1023393399 32512 1065353216 1065353216 0 -1 1061682676 939725423 32512 0 0 0 1 1065353216 4632515166703976448 4634274385308418048 4640396466051874816
1065353216 1065353216 0 -1 1061159436 939725423 8454144 1065353216 0 0 -1 1061159436 1023393399 8454144 0 0 0 -1 1061682676 1023393399 8454144 0 1065353216 0 -1 1061682676 939725423 8454144 0 0 0 1 1061997773 4632515166703976448 4634274385308418048 4640396466051874816
0 1065353216 1065353216 -1 1061159436 939725423 8323072 0 0 1065353216 -1 1061159436 1023393399 8323072 1065353216 0 1065353216 -1 1061682676 1023393399 8323072 1065353216 1065353216 1065353216 -1 1061682676 939725423 8323072 0 0 0 1 1061997773 4632515166703976448 4634274385308418048 4640396466051874816
0 1065353216 0 -1 1061159436 939725423 129 0 0 0 -1 1061159436 1023393399 129 0 0 1065353216 -1 1061682676 1023393399 129 0 1065353216 1065353216 -1 1061682676 939725423 129 0 0 0 1 1058642330 4632515166703976448 4634274385308418048 4640396466051874816
1065353216 1065353216 1065353216 -1 1061159436 939725423 127 1065353216 0 1065353216 -1 1061159436 1023393399 127 1065353216 0 0 -1 1061682676 1023393399 127 1065353216 1065353216 0 -1 1061682676 939725423 127 0 0 0 1 1058642330 4632515166703976448 4634274385308418048 4640396466051874816
0 0 1065353216 -1 1050674201 1044383793 33024 0 0 0 -1 1050674201 1046476751 33024 1065353216 0 0 -1 1051720679 1046476751 33024 1065353216 0 1065353216 -1 1051720679 1044383793 33024 0 0 0 1 1056964608 4632655904192331776 4634274385308418048 4640396466051874816
0 1065353216 0 -1 1050674201 1044383793 32512 0 1065353216 1065353216 -1 1050674201 1046476751 32512 1065353216 1065353216 1065353216 -1 1051720679 1046476751 32512 1065353216 1065353216 0 -1 1051720679 1044383793 32512 0 0 0 1 1065353216 4632655904192331776 4634274385308418048 4640396466051874816
1065353216 1065353216 0 -1 1050674201 1044383793 8454144 1065353216 0 0 -1 1050674201 1046476751 8454144 0 0 0 -1 1051720679 1046476751 8454144 0 1065353216 0 -1 1051720679 1044383793 8454144 0 0 0 1 1061997773 4632655904192331776 4634274385308418048 4640396466051874816
0 1065353216 1065353216 -1 1050674201 1044383793 8323072 0 0 1065353216 -1 1050674201 1046476751 8323072 1065353216 0 1065353216 -1 1051720679 1046476751 8323072 1065353216 1065353216 1065353216 -1 1051720679 1044383793 8323072 0 0 0 1 1061997773 4632655904192331776 4634274385308418048 4640396466051874816
0 1065353216 0 -1 1050674201 1044383793 129 0 0 0 -1 1050674201 1046476751 129 0 0 1065353216 -1 1051720679 1046476751 129 0 1065353216 1065353216 -1 1051720679 1044383793 129 0 0 0 1 1058642330 4632655904192331776 4634274385308418048 4640396466051874816
1065353216 1065353216 1065353216 -1 1050674201 1044383793 127 1065353216 0 1065353216 -1 1050674201 1046476751 127 1065353216 0 0 -1 1051720679 1046476751 127 1065353216 1065353216 0 -1 1051720679 1044383793 127 0 0 0 1 1058642330 4632655904192331776 4634274385308418048 4640396466051874816
0 0 1065353216 -1 939725423 1046480945 33024 0 0 0 -1 939725423 1048573903 33024 1065353216 0 0 -1 1023393399 1048573903 33024 1065353216 0 1065353216 -1 1023393399 1046480945 33024 0 0 0 1 1056964608 4632796641680687104 4634274385308418048 4640396466051874816
0 1065353216 0 -1 939725423 1046480945 32512 0 1065353216 1065353216 -1 939725423 1048573903 32512 1065353216 1065353216 1065353216 -1 1023393399 1048573903 32512 1065353216 1065353216 0 -1 1023393399 1046480945 32512 0 0 0 1 1065353216 4632796641680687104 4634274385308418048 4640396466051874816
1065353216 1065353216 0 -1 939725423 1046480945 8454144 1065353216 0 0 -1 939725423 1048573903 8454144 0 0 0 -1 1023393399 1048573903 8454144 0 1065353216 0 -1 1023393399 1046480945 8454144 0 0 0 1 1061997773 4632796641680687104 4634274385308418048 4640396466051874816
0 1065353216 1065353216 -1 939725423 1046480945 8323072 0 0 1065353216 -1 939725423 1048573903 8323072 1065353216 0 1065353216 -1 1023393399 1048573903 8323072 1065353216 1065353216 1065353216 -1 1023393399 1046480945 8323072 0 0 0 1 1061997773 4632796641680687104 4634274385308418048 4640396466051874816
0 1065353216 0 -1 939725423 1046480945 129 0 0 0 -1 939725423 1048573903 129 0 0 1065353216 -1 1023393399 1048573903 129 0 1065353216 1065353216 -1 1023393399 1046480945 129 0 0 0 1 1058642330 4632796641680687104 4634274385308418048 4640396466051874816
1065353216 1065353216 1065353216 -1 939725423 1046480945 127 1065353216 0 1065353216 -1 939725423 1048573903 127 1065353216 0 0 -1 1023393399 1048573903 127 1065353216 1065353216 0 -1 1023393399 1046480945 127 0 0 0 1 1058642330 4632796641680687104 4634274385308418048 4640396466051874816
0 0 1065353216 -1 1052771353 1055917081 33024 0 0 0 -1 1052771353 1056963559 33024 1065353216 0 0 -1 1053817831 1056963559 33024 1065353216 0 1065353216 -1 1053817831 1055917081 33024 0 0 0 1 1056964608 4632937379169042432 4634274385308418048 4640396466051874816
0 1065353216 0 -1 1052771353 1055917081 32512 0 1065353216 1065353216 -1 1052771353 1056963559 32512 1065353216 1065353216 1065353216 -1 1053817831 1056963559 32512 1065353216 1065353216 0 -1 1053817831 1055917081 32512 0 0 0 1 1065353216 4632937379169042432 4634274385308418048 4640396466051874816
1065353216 1065353216 0 -1 1051722777 1055917081 8454144 1065353216 0 0 -1 1051722777 1056963559 8454144 0 0 0 -1 1052769255 1056963559 8454144 0 1065353216 0 -1 1052769255 1055917081 8454144 0 0 0 1 1061997773 4632937379169042432 4634274385308418048 4640396466051874816
0 1065353216 1065353216 -1 1051722777 1055917081 8323072 0 0 1065353216 -1 1051722777 1056963559 8323072 1065353216 0 1065353216 -1 1052769255 1056963559 8323072 1065353216 1065353216 1065353216 -1 1052769255 1055917081 8323072 0 0 0 1 1061997773 4632937379169042432 4634274385308418048 4640396466051874816
0 1065353216 0 -1 1051722777 1055917081 129 0 0 0 -1 1051722777 1056963559 129 0 0 1065353216 -1 1052769255 1056963559 129 0 1065353216 1065353216 -1 1052769255 1055917081 129 0 0 0 1 1058642330 4632937379169042432 4634274385308418048 4640396466051874816
1065353216 1065353216 1065353216 -1 1051722777 1055917081 127 1065353216 0 1065353216 -1 1051722777 1056963559 127 1065353216 0 0 -1 1052769255 1056963559 127 1065353216 1065353216 0 -1 1052769255 1055917081 127 0 0 0 1 1058642330 4632937379169042432 4634274385308418048 4640396466051874816
