1042081456
1042432353
0
1070141403
0
0
-1096020072
0
0
1051463576
0
0
1051463576
0
0
-1096020072
0
0
1060204499
1066957428
0
1070141403
0
0
-1096325899
0
0
1051159129
0
0
1051159129
0
0
-1096325899
0
0
1033264259
-1077954653
0
1070141403
0
0
-1103698517
0
0
1043785296
0
0
1043785296
0
0
-1103698517
0
0
1054751034
-1097892895
0
1070141403
0
0
1041572194
0
0
-1105911454
0
0
-1105911454
0
0
1041572194
0
0
1056911225
1060864788
0
1070141403
0
0
1059649761
0
0
-1087833887
0
0
-1087833887
0
0
1059649761
0
0
-1087919846
-1080872041
0
1070141403
0
0
-1105998313
0
0
1041485335
0
0
1041485335
0
0
-1105998313
0
0
-1116842969
-1081116617
0
1070141403
0
0
1065411122
0
0
-1082072526
0
0
-1082072526
0
0
1065411122
0
0
1058046335
-1090409652
0
1070141403
0
0
1036167375
0
0
-1111316273
0
0
-1111316273
0
0
1036167375
0
0
-1092410189
-1082059221
0
1070141403
0
0
1067131971
0
0
-1080351677
0
0
-1080351677
0
0
1067131971
0
0
1051397546
1062876141
0
1070141403
0
0
957905822
0
0
-1189577826
0
0
-1189577826
0
0
957905822
0
0
-1104532400
-1077717425
0
1070141403
0
0
-1084908869
0
0
1062573636
0
0
1062573636
0
0
-1084908869
0
0
-1090218647
1067060784
0
1070141403
0
0
986672769
0
0
-1160810879
0
0
-1160810879
0
0
986672769
0
0
-1111724554
1064619824
0
1070141403
0
0
1065402637
0
0
-1082081011
0
0
-1082081011
0
0
1065402637
0
0
1060942946
1069929071
0
1070141403
0
0
1065729278
0
0
-1081754370
0
0
-1081754370
0
0
1065729278
0
0
-1127079516
-1078109332
0
1070141403
0
0
-1127463456
0
0
1020023347
0
0
1020023347
0
0
-1127463456
0
0
-1094410685
999282999
0
1070141403
0
0
1068580706
0
0
-1078902942
0
0
-1078902942
0
0
1068580706
0
0
-1100278869
-1077610405
0
1070141403
0
0
-1082450073
0
0
1065034652
0
0
1065034652
0
0
-1082450073
0
0
1028349550
-1088782239
0
1070141403
0
0
1062817126
0
0
-1084666522
0
0
-1084666522
0
0
1062817126
0
0
1059345110
1051770481
0
1070141403
0
0
1050122613
0
0
-1097361035
0
0
-1097361035
0
0
1050122613
0
0
1023745163
1017936071
0
1070141403
0
0
1063419847
0
0
-1084063801
0
0
-1084063801
0
0
1063419847
0
0
-1086038000
-1089566239
0
1070141403
0
0
-1106340209
0
0
1041147647
0
0
1041147647
0
0
-1106340209
0
0
-1103988423
-1084944554
0
1070141403
0
0
-1083243713
0
0
1064239935
0
0
1064239935
0
0
-1083243713
0
0
1058928137
-1086515970
0
1070141403
0
0
1042746206
0
0
-1104737442
0
0
-1104737442
0
0
1042746206
0
0
-1100194488
-1097650466
0
1070141403
0
0
-1089812318
0
0
1057671745
0
0
1057671745
0
0
-1089812318
0
0
1015703216
1048616090
0
1070141403
0
0
-1087470247
0
0
1060013401
0
0
1060013401
0
0
-1087470247
0
0
-1086446856
1052166427
0
1070141403
0
0
-1088702026
0
0
1058782345
0
0
1058782345
0
0
-1088702026
0
0
1045653402
1061284668
0
1070141403
0
0
-1086886160
0
0
1060597488
0
0
1060597488
0
0
-1086886160
0
0
1051429254
-1080570595
0
1070141403
0
0
-1085150840
0
0
1062333864
0
0
1062333864
0
0
-1085150840
0
0
-1088732053
-1082058957
0
1070141403
0
0
1052917938
0
0
-1094565710
0
0
-1094565710
0
0
1052917938
0
0
1029419287
1068576244
0
1070141403
0
0
-1093564693
0
0
1053918955
0
0
1053918955
0
0
-1093564693
0
0
-1088132892
1060990668
0
1070141403
0
0
-1094973221
0
0
1052509498
0
0
1052509498
0
0
-1094973221
0
0
-1086958616
1062199270
0
1070141403
0
0
-1098433428
0
0
1049050224
0
0
1049050224
0
0
-1098433428
0
0
1028241602
-1079599228
0
1070141403
0
0
1063649488
0
0
-1083834160
0
0
-1083834160
0
0
1063649488
0
0
1061381363
-1091529729
0
1070141403
0
0
1045514147
0
0
-1101969501
0
0
-1101969501
0
0
1045514147
0
0
1060296502
1026142233
0
1070141403
0
0
1055255995
0
0
-1092227653
0
0
-1092227653
0
0
1055255995
0
0
1049084020
-1087006862
0
1070141403
0
0
-1081816904
0
0
1065666149
0
0
1065666149
0
0
-1081816904
0
0
1042725063
-1081033513
0
1070141403
0
0
-1112641868
0
0
1034842138
0
0
1034842138
0
0
-1112641868
0
0
-1122917288
-1078285513
0
1070141403
0
0
-1093103652
0
0
1054379996
0
0
1054379996
0
0
-1093103652
0
0
1042816595
1065380561
0
1070141403
0
0
1059517006
0
0
-1087966642
0
0
-1087966642
0
0
1059517006
0
0
1053108408
-1086753097
0
1070141403
0
0
-1093289627
0
0
1054194021
0
0
1054194021
0
0
-1093289627
0
0
1059557613
1058468804
0
1070141403
0
0
-1105632526
0
0
1041850180
0
0
1041850180
0
0
-1105632526
0
0
-1098428383
1069218625
0
1070141403
0
0
1049315547
0
0
-1098168101
0
0
-1098168101
0
0
1049315547
0
0
-1109080979
1057532089
0
1070141403
0
0
1014045646
0
0
-1133438002
0
0
-1133438002
0
0
1014045646
0
0
1042064805
1049084810
0
1070141403
0
0
1066361662
0
0
-1081121986
0
0
-1081121986
0
0
1066361662
0
0
-1087555748
1059842020
0
1070141403
0
0
-1183362138
0
0
964136563
0
0
964136563
0
0
-1183362138
0
0
-1098978644
1060256787
0
1070141403
0
0
1064798613
0
0
-1082685035
0
0
-1082685035
0
0
1064798613
0
0
1050360871
1068989977
0
1070141403
0
0
1054810813
0
0
-1092672835
0
0
-1092672835
0
0
1054810813
0
0
-1099805709
-1081748137
0
1070141403
0
0
1047145297
0
0
-1100338351
0
0
-1100338351
0
0
1047145297
0
0
-1105819370
-1109283217
0
1070141403
0
0
-1122015773
0
0
1025467875
0
0
1025467875
0
0
-1122015773
0
0
-1102164309
-1081781787
0
1070141403
0
0
-1101943533
0
0
1045537823
0
0
1045537823
0
0
-1101943533
0
0
1057469147
-1088896713
0
1070141403
0
0
-1087229714
0
0
1060253468
0
0
1060253468
0
0
-1087229714
0
0
1057852471
1066855307
0
1070141403
0
0
-1110796821
0
0
1036686827
0
0
1036686827
0
0
-1110796821
0
0
-1086642855
-1077448019
0
1070141403
0
0
1034991356
0
0
-1112492292
0
0
-1112492292
0
0
1034991356
0
0
-1096270098
-1098809954
0
1070141403
0
0
-1097387114
0
0
1050096534
0
0
1050096534
0
0
-1097387114
0
0
1057472176
-1090347391
0
1070141403
0
0
-1104303431
0
0
1043179930
0
0
1043179930
0
0
-1104303431
0
0
-1106759625
-1125202438
0
1070141403
0
0
-1120733487
0
0
1026750161
0
0
1026750161
0
0
-1120733487
0
0
1057536776
-1086328702
0
1070141403
0
0
1011600177
0
0
-1135883471
0
0
-1135883471
0
0
1011600177
0
0
1061309127
-1087979168
0
1070141403
0
0
1058677847
0
0
-1088805801
0
0
-1088805801
0
0
1058677847
0
0
-1095287752
-1081463321
0
1070141403
0
0
-1095850645
0
0
1051633003
0
0
1051633003
0
0
-1095850645
0
0
-1088854883
-1085271011
0
1070141403
0
0
-1157503311
0
0
989980205
0
0
989980205
0
0
-1157503311
0
0
-1086958026
1068067548
0
1070141403
0
0
-1081765343
0
0
1065718305
0
0
1065718305
0
0
-1081765343
0
0
-1089558176
-1077619769
0
1070141403
0
0
1058165633
0
0
-1089318015
0
0
-1089318015
0
0
1058165633
0
0
1056583764
-1081083124
0
1070141403
0
0
-1142678803
0
0
1004804845
0
0
1004804845
0
0
-1142678803
0
0
-1101802152
1041492088
0
1070141403
0
0
-1089191347
0
0
1058293077
0
0
1058293077
0
0
-1089191347
0
0
1037903274
1067847535
0
1070141403
0
0
997406653
0
0
-1150076995
0
0
-1150076995
0
0
997406653
0
0
1049042861
-1098570406
0
1070141403
0
0
1048829481
0
0
-1098654167
0
0
-1098654167
0
0
1048829481
0
0
-1104043345
1068252284
0
1070141403
0
0
1047066068
0
0
-1100417580
0
0
-1100417580
0
0
1047066068
0
0
1059944907
1036078326
0
1070141403
0
0
-1137524818
0
0
1009969202
0
0
1009969202
0
0
-1137524818
0
0
-1086810691
-1092592186
0
1070141403
0
0
1055429551
0
0
-1092054097
0
0
-1092054097
0
0
1055429551
0
0
1049092841
-1095367098
0
1070141403
0
0
-1122575874
0
0
1024907774
0
0
1024907774
0
0
-1122575874
0
0
-1096289765
1070006844
0
1070141403
0
0
1020476356
0
0
-1127007292
0
0
-1127007292
0
0
1020476356
0
0
1058578393
-1079743862
0
1070141403
0
0
1034349119
0
0
-1113134529
0
0
-1113134529
0
0
1034349119
0
0
1060094981
1049969037
0
1070141403
0
0
1061042720
0
0
-1086440928
0
0
-1086440928
0
0
1061042720
0
0
1047652825
-1098070197
0
1070141403
0
0
-1138817126
0
0
1008674840
0
0
1008674840
0
0
-1138817126
0
0
1051863183
1052741421
0
1070141403
0
0
-1080021666
0
0
1067461982
0
0
1067461982
0
0
-1080021666
0
0
1053493589
1068553702
0
1070141403
0
0
1046218326
0
0
-1101265322
0
0
-1101265322
0
0
1046218326
0
0
1045736357
-1083626444
0
1070141403
0
0
-1087080897
0
0
1060400922
0
0
1060400922
0
0
-1087080897
0
0
1057360150
1049091622
0
1070141403
0
0
-1093602439
0
0
1053881209
0
0
1053881209
0
0
-1093602439
0
0
-1092615918
1047885890
0
1070141403
0
0
-1094970319
0
0
1052513329
0
0
1052513329
0
0
-1094970319
0
0
1054398182
-1079575980
0
1070141403
0
0
1050942069
0
0
-1096541579
0
0
-1096541579
0
0
1050942069
0
0
1042754149
-1086385116
0
1070141403
0
0
1058687786
0
0
-1088795862
0
0
-1088795862
0
0
1058687786
0
0
-1112019303
-1087962424
0
1070141403
0
0
1063186833
0
0
-1084296815
0
0
-1084296815
0
0
1063186833
0
0
-1111762666
1060584704
0
1070141403
0
0
-1079262027
0
0
1068221621
0
0
1068221621
0
0
-1079262027
0
0
-1088417624
1058526988
0
1070141403
0
0
1043262946
0
0
-1104220702
0
0
-1104220702
0
0
1043262946
0
0
-1092572854
-1088656470
0
1070141403
0
0
-1088638837
0
0
1058844811
0
0
1058844811
0
0
-1088638837
0
0
1042892666
-1077803473
0
1070141403
0
0
-1099987365
0
0
1047496283
0
0
1047496283
0
0
-1099987365
0
0
-1102882468
1042838096
0
1070141403
0
0
-1110351657
0
0
1037131991
0
0
1037131991
0
0
-1110351657
0
0
-1087084349
-1079426867
0
1070141403
0
0
-1086004253
0
0
1061477577
0
0
1061477577
0
0
-1086004253
0
0
1051911081
-1110684792
0
1070141403
0
0
-1095071905
0
0
1052410417
0
0
1052410417
0
0
-1095071905
0
0
1035436226
1032647786
0
1070141403
0
0
-1098167397
0
0
1049311969
0
0
1049311969
0
0
-1098167397
0
0
-1089930312
1061632601
0
1070141403
0
0
-1088953504
0
0
1058529923
0
0
1058529923
0
0
-1088953504
0
0
-1123786975
1069232317
0
1070141403
0
0
-1100307813
0
0
1047175835
0
0
1047175835
0
0
-1100307813
0
0
-1087379357
1058621274
0
1070141403
0
0
1026993518
0
0
-1120490130
0
0
-1120490130
0
0
1026993518
0
0
-1087363923
1048910405
0
1070141403
0
0
-1089233372
0
0
1058250963
0
0
1058250963
0
0
-1089233372
0
0
1057840153
-1086127693
0
1070141403
0
0
-1088704796
0
0
1058777957
0
0
1058777957
0
0
-1088704796
0
0
1061116877
1049719333
0
1070141403
0
0
1062171525
0
0
-1085312123
0
0
-1085312123
0
0
1062171525
0
0
-1094045303
1069376249
0
1070141403
0
0
-1097617208
0
0
1049864357
0
0
1049864357
0
0
-1097617208
0
0
-1095977953
-1081934004
0
1070141403
0
0
-1099097016
0
0
1048386632
0
0
1048386632
0
0
-1099097016
0
0
1039101627
-1107518107
0
1070141403
0
0
-1098600981
0
0
1048882667
0
0
1048882667
0
0
-1098600981
0
0
-1087392521
1052279289
0
1070141403
0
0
-1091269478
0
0
1056215678
0
0
1056215678
0
0
-1091269478
0
0
1050569067
1064361545
0
1070141403
0
0
1067679950
0
0
-1079803698
0
0
-1079803698
0
0
1067679950
0
0
1058662833
1056495672
0
1070141403
0
0
1009803361
0
0
-1137680287
0
0
-1137680287
0
0
1009803361
0
0
-1104233826
1064513288
0
1070141403
0
0
1042659911
0
0
-1104823737
0
0
-1104823737
0
0
1042659911
0
0
-1091208024
-1078094404
0
1070141403
0
0
-1081842355
0
0
1065641245
0
0
1065641245
0
0
-1081842355
0
0
1059056327
1068724014
0
1070141403
0
0
1050920227
0
0
-1096563421
0
0
-1096563421
0
0
1050920227
0
0
1052180299
-1079471783
0
1070141403
0
0
-1093071473
0
0
1054413081
0
0
1054413081
0
0
-1093071473
0
0
-1087649538
1065925232
0
1070141403
0
0
-1094922167
0
0
1052561481
0
0
1052561481
0
0
-1094922167
0
0
-1108393450
-1086691364
0
1070141403
0
0
-1111644632
0
0
1035839016
0
0
1035839016
0
0
-1111644632
0
0
-1102423865
-1099496292
0
1070141403
0
0
-1113152885
0
0
1034331797
0
0
1034331797
0
0
-1113152885
0
0
1022104214
-1085214394
0
1070141403
0
0
-1098131319
0
0
1049348917
0
0
1049348917
0
0
-1098131319
0
0
1057453465
1037331198
0
1070141403
0
0
-1079842371
0
0
1067640893
0
0
1067640893
0
0
-1079842371
0
0
-1105350494
-1077803697
0
1070141403
0
0
1039178725
0
0
-1108304923
0
0
-1108304923
0
0
1039178725
0
0
1022034112
1061488771
0
1070141403
0
0
1050595433
0
0
-1096888215
0
0
-1096888215
0
0
1050595433
0
0
-1134213849
-1093618918
0
1070141403
0
0
-1090015531
0
0
1057468117
0
0
1057468117
0
0
-1090015531
0
0
1042010405
1051820035
0
1070141403
0
0
-1112924805
0
0
1034558843
0
0
1034558843
0
0
-1112924805
0
0
1053654343
1066880376
0
1070141403
0
0
-1093101743
0
0
1054381905
0
0
1054381905
0
0
-1093101743
0
0
-1103064041
1047281224
0
1070141403
0
0
1033593207
0
0
-1113890441
0
0
-1113890441
0
0
1033593207
0
0
1041190970
1065037583
0
1070141403
0
0
-1106076391
0
0
1041407257
0
0
1041407257
0
0
-1106076391
0
0
-1087691317
-1077815903
0
1070141403
0
0
1016408234
0
0
-1131075414
0
0
-1131075414
0
0
1016408234
0
0
-1087532410
-1082543263
0
1070141403
0
0
1064734648
0
0
-1082749000
0
0
-1082749000
0
0
1064734648
0
0
1059204350
-1105544273
0
1070141403
0
0
-1111774242
0
0
1035707526
0
0
1035707526
0
0
-1111774242
0
0
1052696296
-1078392701
0
1070141403
0
0
-1107958134
0
0
1039525514
0
0
1039525514
0
0
-1107958134
0
0
-1102147483
1062691833
0
1070141403
0
0
1050216489
0
0
-1097267159
0
0
-1097267159
0
0
1050216489
0
0
-1097849444
1066104120
0
1070141403
0
0
1051241676
0
0
-1096241972
0
0
-1096241972
0
0
1051241676
0
0
-1105356056
1051495816
0
1070141403
0
0
1038199743
0
0
-1109283905
0
0
-1109283905
0
0
1038199743
0
0
-1097406626
1050003925
0
1070141403
0
0
-1093680978
0
0
1053802670
0
0
1053802670
0
0
-1093680978
0
0
-1093513237
1069830710
0
1070141403
0
0
-1113188205
0
0
1034295443
0
0
1034295443
0
0
-1113188205
0
0
-1089223938
1063546981
0
1070141403
0
0
1059770566
0
0
-1087713082
0
0
-1087713082
0
0
1059770566
0
0
-1097167991
1060680407
0
1070141403
0
0
1063225027
0
0
-1084258621
0
0
-1084258621
0
0
1063225027
0
0
997525555
-1106066661
0
1070141403
0
0
-1081761821
0
0
1065721827
0
0
1065721827
0
0
-1081761821
0
0
-1097737731
1051695913
0
1070141403
0
0
-1093181325
0
0
1054302323
0
0
1054302323
0
0
-1093181325
0
0
-1090076218
-1085731714
0
1070141403
0
0
1068150965
0
0
-1079332683
0
0
-1079332683
0
0
1068150965
0
0
-1098191773
-1084469802
0
1070141403
0
0
1055594495
0
0
-1091889153
0
0
-1091889153
0
0
1055594495
0
0
-1085997128
-1088612212
0
1070141403
0
0
-1087463681
0
0
1060019967
0
0
1060019967
0
0
-1087463681
0
0
-1088635472
1067667729
0
1070141403
0
0
-1103865727
0
0
1043618403
0
0
1043618403
0
0
-1103865727
0
0
1053942882
1054333697
0
1070141403
0
0
1030983143
0
0
-1116500505
0
0
-1116500505
0
0
1030983143
0
0
-1091107793
1058484664
0
1070141403
0
0
-1089855109
0
0
1057626612
0
0
1057626612
0
0
-1089855109
0
0
-1118510368
1067945138
0
1070141403
0
0
1026075909
0
0
-1121407739
0
0
-1121407739
0
0
1026075909
0
0
-1093636647
-1079237535
0
1070141403
0
0
-1111948405
0
0
1035528014
0
0
1035528014
0
0
-1111948405
0
0
-1095288532
1064106087
0
1070141403
0
0
-1082361351
0
0
1065122297
0
0
1065122297
0
0
-1082361351
0
0
-1089017097
-1083704837
0
1070141403
0
0
-1081768278
0
0
1065716031
0
0
1065716031
0
0
-1081768278
0
0
1061682866
1056833031
0
1070141403
0
0
-1088125330
0
0
1059357863
0
0
1059357863
0
0
-1088125330
0
0
1059652087
-1079697041
0
1070141403
0
0
1048728573
0
0
-1098755075
0
0
-1098755075
0
0
1048728573
0
0
1032013844
-1093855655
0
1070141403
0
0
-1093931011
0
0
1053552637
0
0
1053552637
0
0
-1093931011
0
0
1060824081
1062565172
0
1070141403
0
0
1049483799
0
0
-1097999849
0
0
-1097999849
0
0
1049483799
0
0
1042445031
1059364158
0
1070141403
0
0
1047390385
0
0
-1100093263
0
0
-1100093263
0
0
1047390385
0
0
-1088586136
-1102125764
0
1070141403
0
0
-1089182984
0
0
1058302256
0
0
1058302256
0
0
-1089182984
0
0
1050272310
1037548127
0
1070141403
0
0
1053961144
0
0
-1093522504
0
0
-1093522504
0
0
1053961144
0
0
1050617811
-1077676044
0
1070141403
0
0
-1091707199
0
0
1055777756
0
0
1055777756
0
0
-1091707199
0
0
-1105397605
-1079950243
0
1070141403
0
0
1062912092
0
0
-1084571556
0
0
-1084571556
0
0
1062912092
0
0
-1086106038
1045493426
0
1070141403
0
0
-1157363420
0
0
990120228
0
0
990120228
0
0
-1157363420
0
0
1051712715
1068503541
0
1070141403
0
0
1061469646
0
0
-1086014002
0
0
-1086014002
0
0
1061469646
0
0
1052312834
1066501535
0
1070141403
0
0
1044694634
0
0
-1102789014
0
0
-1102789014
0
0
1044694634
0
0
-1100907434
-1084120466
0
1070141403
0
0
1063396059
0
0
-1084087589
0
0
-1084087589
0
0
1063396059
0
0
-1086503562
1058372147
0
1070141403
0
0
1065809034
0
0
-1081674614
0
0
-1081674614
0
0
1065809034
0
0
-1100431204
1015321913
0
1070141403
0
0
1047519692
0
0
-1099963956
0
0
-1099963956
0
0
1047519692
0
0
1058011918
1041552180
0
1070141403
0
0
1043804467
0
0
-1103679181
0
0
-1103679181
0
0
1043804467
0
0
1051760446
1048864017
0
1070141403
0
0
-1085306412
0
0
1062177236
0
0
1062177236
0
0
-1085306412
0
0
-1088006986
-1079453398
0
1070141403
0
0
1047675397
0
0
-1099808251
0
0
-1099808251
0
0
1047675397
0
0
-1099735536
1059958764
0
1070141403
0
0
1033441641
0
0
-1114042007
0
0
-1114042007
0
0
1033441641
0
0
-1098589158
-1083671283
0
1070141403
0
0
1050417073
0
0
-1097066575
0
0
-1097066575
0
0
1050417073
0
0
-1100507600
-1080988311
0
1070141403
0
0
-1105887294
0
0
1041596354
0
0
1041596354
0
0
-1105887294
0
0
1052657562
-1079716645
0
1070141403
0
0
-1103981464
0
0
1043502184
0
0
1043502184
0
0
-1103981464
0
0
1040837865
1062721588
0
1070141403
0
0
-1080078260
0
0
1067405388
0
0
1067405388
0
0
-1080078260
0
0
1056526026
1065532481
0
1070141403
0
0
1066984294
0
0
-1080499354
0
0
-1080499354
0
0
1066984294
0
0
-1089552282
-1095745330
0
1070141403
0
0
1063298974
0
0
-1084184674
0
0
-1084184674
0
0
1063298974
0
0
1060163626
1068685140
0
1070141403
0
0
1023361439
0
0
-1124122209
0
0
-1124122209
0
0
1023361439
0
0
-1116908433
1067377488
0
1070141403
0
0
1012616938
0
0
-1134866710
0
0
-1134866710
0
0
1012616938
0
0
-1091921619
1060659573
0
1070141403
0
0
-1094166905
0
0
1053318957
0
0
1053318957
0
0
-1094166905
0
0
1049909788
1060091767
0
1070141403
0
0
-1128389074
0
0
1019094574
0
0
1019094574
0
0
-1128389074
0
0
1049283186
1063788267
0
1070141403
0
0
1051279687
0
0
-1096203961
0
0
-1096203961
0
0
1051279687
0
0
1023686325
1039148535
0
1070141403
0
0
-1113584456
0
0
1033898396
0
0
1033898396
0
0
-1113584456
0
0
1055784150
-1087117626
0
1070141403
0
0
-1104949141
0
0
1042525689
0
0
1042525689
0
0
-1104949141
0
0
1061667792
-1086752799
0
1070141403
0
0
1067304725
0
0
-1080178923
0
0
-1080178923
0
0
1067304725
0
0
1061195354
1054113493
0
1070141403
0
0
1055466778
0
0
-1092016870
0
0
-1092016870
0
0
1055466778
0
0
1045348693
1066699947
0
1070141403
0
0
-1111101047
0
0
1036382601
0
0
1036382601
0
0
-1111101047
0
0
1054974393
1065723349
0
1070141403
0
0
-1086247561
0
0
1061236087
0
0
1061236087
0
0
-1086247561
0
0
-1098077860
1055413329
0
1070141403
0
0
1057624623
0
0
-1089859025
0
0
-1089859025
0
0
1057624623
0
0
-1085846771
-1104929990
0
1070141403
0
0
1063159051
0
0
-1084324597
0
0
-1084324597
0
0
1063159051
0
0
1060496942
-1093950339
0
1070141403
0
0
1039225789
0
0
-1108257859
0
0
-1108257859
0
0
1039225789
0
0
1055550824
1066544061
0
1070141403
0
0
1049825275
0
0
-1097658373
0
0
-1097658373
0
0
1049825275
0
0
1054399563
-1096758234
0
1070141403
0
0
-1087596962
0
0
1059886932
0
0
1059886932
0
0
-1087596962
0
0
1058931784
-1089051493
0
1070141403
0
0
-1095106666
0
0
1052376982
0
0
1052376982
0
0
-1095106666
0
0
991367305
1062879490
0
1070141403
0
0
-1079750824
0
0
1067732824
0
0
1067732824
0
0
-1079750824
0
0
-1137535600
1068932581
0
1070141403
0
0
-1093137539
0
0
1054346109
0
0
1054346109
0
0
-1093137539
0
0
-1096751761
-1079058788
0
1070141403
0
0
-1109850627
0
0
1037633021
0
0
1037633021
0
0
-1109850627
0
0
-1089719809
-1087639034
0
1070141403
0
0
1054391927
0
0
-1093091721
0
0
-1093091721
0
0
1054391927
0
0
-1097632621
1055112674
0
1070141403
0
0
-1105921246
0
0
1041562402
0
0
1041562402
0
0
-1105921246
0
0
-1105010486
-1094237427
0
1070141403
0
0
1064133696
0
0
-1083349952
0
0
-1083349952
0
0
1064133696
0
0
1045028746
1069458549
0
1070141403
0
0
1054100868
0
0
-1093382780
0
0
-1093382780
0
0
1054100868
0
0
-1093361088
1061721388
0
1070141403
0
0
1033516689
0
0
-1113966959
0
0
-1113966959
0
0
1033516689
0
0
-1093911384
-1109809146
0
1070141403
0
0
-1088604623
0
0
1058879025
0
0
1058879025
0
0
-1088604623
0
0
1049279798
-1086210567
0
1070141403
0
0
1052004573
0
0
-1095479075
0
0
-1095479075
0
0
1052004573
0
0
1014510633
1059866943
0
1070141403
0
0
1064112363
0
0
-1083371285
0
0
-1083371285
0
0
1064112363
0
0
1048308921
1070111334
0
1070141403
0
0
-1095641854
0
0
1051839755
0
0
1051839755
0
0
-1095641854
0
0
1056932752
1058485420
0
1070141403
0
0
1051183829
0
0
-1096299819
0
0
-1096299819
0
0
1051183829
0
0
-1098354474
-1152995012
0
1070141403
0
0
1049961007
0
0
-1097522641
0
0
-1097522641
0
0
1049961007
0
0
-1102000203
-1096221941
0
1070141403
0
0
-1115797117
0
0
1031686531
0
0
1031686531
0
0
-1115797117
0
0
1058033300
-1084326526
0
1070141403
0
0
1066440623
0
0
-1081043025
0
0
-1081043025
0
0
1066440623
0
0
1059843935
1049594099
0
1070141403
0
0
-1110516429
0
0
1036967219
0
0
1036967219
0
0
-1110516429
0
0
1055302170
-1087588891
0
1070141403
0
0
1051672574
0
0
-1095811074
0
0
-1095811074
0
0
1051672574
0
0
-1108411590
-1086180981
0
1070141403
0
0
-1125962227
0
0
1021503797
0
0
1021503797
0
0
-1125962227
0
0
-1128405512
-1099274440
0
1070141403
0
0
1059263354
0
0
-1088220294
0
0
-1088220294
0
0
1059263354
0
0
1059916693
-1104238057
0
1070141403
0
0
-1102998885
0
0
1044485184
0
0
1044485184
0
0
-1102998885
0
0
-1089152319
1034258725
0
1070141403
0
0
1019747045
0
0
-1127736603
0
0
-1127736603
0
0
1019747045
0
0
-1092402345
-1093854247
0
1070141403
0
0
-1085999437
0
0
1061484211
0
0
1061484211
0
0
-1085999437
0
0
-1106019033
-1100256996
0
1070141403
0
0
1060648930
0
0
-1086834718
0
0
-1086834718
0
0
1060648930
0
0
-1093844646
-1107149599
0
1070141403
0
0
1036722771
0
0
-1110760877
0
0
-1110760877
0
0
1036722771
0
0
1057875673
1016612250
0
1070141403
0
0
1044540670
0
0
-1102942978
0
0
-1102942978
0
0
1044540670
0
0
-1087416901
-1086744792
0
1070141403
0
0
1065841363
0
0
-1081642285
0
0
-1081642285
0
0
1065841363
0
0
-1087855397
1068786690
0
1070141403
0
0
-1083191596
0
0
1064292052
0
0
1064292052
0
0
-1083191596
0
0
1054215334
-1100038322
0
1070141403
0
0
1067504008
0
0
-1079979640
0
0
-1079979640
0
0
1067504008
0
0
-1086314077
1065619686
0
1070141403
0
0
-1084964331
0
0
1062519317
0
0
1062519317
0
0
-1084964331
0
0
1058875460
-1101257349
0
1070141403
0
0
1041466651
0
0
-1106016997
0
0
-1106016997
0
0
1041466651
0
0
-1098669430
-1122629792
0
1070141403
0
0
1061013701
0
0
-1086469947
0
0
-1086469947
0
0
1061013701
0
0
-1092252073
1068830618
0
1070141403
0
0
1061110274
0
0
-1086373374
0
0
-1086373374
0
0
1061110274
0
0
-1086164202
-1078632131
0
1070141403
0
0
1042982261
0
0
-1104501387
0
0
-1104501387
0
0
1042982261
0
0
1059517312
-1107251363
0
1070141403
0
0
1032402919
0
0
-1115080729
0
0
-1115080729
0
0
1032402919
0
0
1053957571
-1077790026
0
1070141403
0
0
1024375653
0
0
-1123107995
0
0
-1123107995
0
0
1024375653
0
0
-1086848005
-1088413650
0
1070141403
0
0
-1082469143
0
0
1065014505
0
0
1065014505
0
0
-1082469143
0
0
-1086764680
-1104798707
0
1070141403
0
0
1065985517
0
0
-1081498131
0
0
-1081498131
0
0
1065985517
0
0
1058181490
1051116984
0
1070141403
0
0
1058543780
0
0
-1088939868
0
0
-1088939868
0
0
1058543780
0
0
-1089432637
1044917923
0
1070141403
0
0
-1098687500
0
0
1048796148
0
0
1048796148
0
0
-1098687500
0
0
1049250614
1055940771
0
1070141403
0
0
1054971845
0
0
-1092511803
0
0
-1092511803
0
0
1054971845
0
0
1038590662
-1078961397
0
1070141403
0
0
1054040966
0
0
-1093442682
0
0
-1093442682
0
0
1054040966
0
0
1053806278
-1079634611
0
1070141403
0
0
1050518908
0
0
-1096964740
0
0
-1096964740
0
0
1050518908
0
0
-1096229326
-1084192910
0
1070141403
0
0
-1097214460
0
0
1050265057
0
0
1050265057
0
0
-1097214460
0
0
1046721160
1039474852
0
1070141403
0
0
-1092539218
0
0
1054944430
0
0
1054944430
0
0
-1092539218
0
0
1056800243
-1098819951
0
1070141403
0
0
1040991003
0
0
-1106492645
0
0
-1106492645
0
0
1040991003
0
0
1055642929
-1089488099
0
1070141403
0
0
-1094691315
0
0
1052792333
0
0
1052792333
0
0
-1094691315
0
0
1055157075
1056645164
0
1070141403
0
0
-1080803695
0
0
1066679953
0
0
1066679953
0
0
-1080803695
0
0
1050675810
1067289974
0
1070141403
0
0
-1079877299
0
0
1067606673
0
0
1067606673
0
0
-1079877299
0
0
1060275594
-1106901296
0
1070141403
0
0
-1083266223
0
0
1064218669
0
0
1064218669
0
0
-1083266223
0
0
1029007326
1056524120
0
1070141403
0
0
1060390379
0
0
-1087093269
0
0
-1087093269
0
0
1060390379
0
0
1050614321
1065831313
0
1070141403
0
0
-1097172772
0
0
1050312115
0
0
1050312115
0
0
-1097172772
0
0
-1085738298
1063760641
0
1070141403
0
0
1064781507
0
0
-1082702141
0
0
-1082702141
0
0
1064781507
0
0
1050479785
1058558771
0
1070141403
0
0
1026468761
0
0
-1121014887
0
0
-1121014887
0
0
1026468761
0
0
-1109958649
1063564831
0
1070141403
0
0
1052333166
0
0
-1095150482
0
0
-1095150482
0
0
1052333166
0
0
1008028294
1053119904
0
1070141403
0
0
-1079080877
0
0
1068403018
0
0
1068403018
0
0
-1079080877
0
0
-1099417009
-1131717907
0
1070141403
0
0
1031611008
0
0
-1115872640
0
0
-1115872640
0
0
1031611008
0
0
-1104872719
-1078478965
0
1070141403
0
0
-1090227506
0
0
1057257398
0
0
1057257398
0
0
-1090227506
0
0
1050521455
-1089644770
0
1070141403
0
0
-1079820848
0
0
1067662800
0
0
1067662800
0
0
-1079820848
0
0
1050399212
1065455132
0
1070141403
0
0
1054960601
0
0
-1092523047
0
0
-1092523047
0
0
1054960601
0
0
1056821890
1069824242
0
1070141403
0
0
1052534187
0
0
-1094949461
0
0
-1094949461
0
0
1052534187
0
0
-1087142918
1061693838
0
1070141403
0
0
1063850606
0
0
-1083633042
0
0
-1083633042
0
0
1063850606
0
0
1042619358
-1089359542
0
1070141403
0
0
-1104559776
0
0
1042920229
0
0
1042920229
0
0
-1104559776
0
0
-1122440262
-1125888642
0
1070141403
0
0
-1108615049
0
0
1038867396
0
0
1038867396
0
0
-1108615049
0
0
-1094444176
-1087258425
0
1070141403
0
0
-1118664260
0
0
1028819388
0
0
1028819388
0
0
-1118664260
0
0
-1159556765
-1085151221
0
1070141403
0
0
-1085299252
0
0
1062182978
0
0
1062182978
0
0
-1085299252
0
0
1052699487
1057155899
0
1070141403
0
0
-1081754875
0
0
1065728361
0
0
1065728361
0
0
-1081754875
0
0
-1093791032
1049547369
0
1070141403
0
0
1051553611
0
0
-1095930037
0
0
-1095930037
0
0
1051553611
0
0
1056367756
-1095103157
0
1070141403
0
0
-1096700416
0
0
1050787345
0
0
1050787345
0
0
-1096700416
0
0
1060798806
-1090301641
0
1070141403
0
0
1053213427
0
0
-1094270221
0
0
-1094270221
0
0
1053213427
0
0
1061406927
-1135994476
0
1070141403
0
0
1035950554
0
0
-1111533094
0
0
-1111533094
0
0
1035950554
0
0
-1085905862
1045405081
0
1070141403
0
0
-1080779366
0
0
1066704282
0
0
1066704282
0
0
-1080779366
0
0
-1087407730
1059607218
0
1070141403
0
0
-1083168011
0
0
1064315637
0
0
1064315637
0
0
-1083168011
0
0
1041885128
1067997018
0
1070141403
0
0
-1081137409
0
0
1066346239
0
0
1066346239
0
0
-1081137409
0
0
1055154449
1054750564
0
1070141403
0
0
1064756543
0
0
-1082727105
0
0
-1082727105
0
0
1064756543
0
0
-1089683903
-1079779737
0
1070141403
0
0
1057188229
0
0
-1090295419
0
0
-1090295419
0
0
1057188229
0
0
1024444718
1068402955
0
1070141403
0
0
1053241629
0
0
-1094242019
0
0
-1094242019
0
0
1053241629
0
0
1044192486
1065650916
0
1070141403
0
0
1058027944
0
0
-1089455704
0
0
-1089455704
0
0
1058027944
0
0
1057345724
-1078222544
0
1070141403
0
0
-1098200039
0
0
1049283609
0
0
1049283609
0
0
-1098200039
0
0
-1095116835
1069049239
0
1070141403
0
0
-1096447520
0
0
1051036128
0
0
1051036128
0
0
-1096447520
0
0
1048992123
-1084775253
0
1070141403
0
0
993998305
0
0
-1153485343
0
0
-1153485343
0
0
993998305
0
0
1057384797
-1079213508
0
1070141403
0
0
1063662475
0
0
-1083821173
0
0
-1083821173
0
0
1063662475
0
0
-1117147775
1069980808
0
1070141403
0
0
1046939772
0
0
-1100543876
0
0
-1100543876
0
0
1046939772
0
0
1051386946
-1078683106
0
1070141403
0
0
-1138668630
0
0
1008814097
0
0
1008814097
0
0
-1138668630
0
0
-1108547023
1063826395
0
1070141403
0
0
1066696377
0
0
-1080787271
0
0
-1080787271
0
0
1066696377
0
0
-1089288521
-1082172913
0
1070141403
0
0
-1086170888
0
0
1061311406
0
0
1061311406
0
0
-1086170888
0
0
1057510641
1061485812
0
1070141403
0
0
1058643894
0
0
-1088839754
0
0
-1088839754
0
0
1058643894
0
0
1052443659
1019107564
0
1070141403
0
0
1057497726
0
0
-1089985922
0
0
-1089985922
0
0
1057497726
0
0
1053527500
-1081186190
0
1070141403
0
0
-1095516458
0
0
1051967190
0
0
1051967190
0
0
-1095516458
0
0
-1129582714
-1088022605
0
1070141403
0
0
1047056733
0
0
-1100426915
0
0
-1100426915
0
0
1047056733
0
0
-1115127758
-1097252675
0
1070141403
0
0
-1108436002
0
0
1039048688
0
0
1039048688
0
0
-1108436002
0
0
1056296785
-1090098451
0
1070141403
0
0
-1093010928
0
0
1054471899
0
0
1054471899
0
0
-1093010928
0
0
1053854612
1065522510
0
1070141403
0
0
-1093859255
0
0
1053626591
0
0
1053626591
0
0
-1093859255
0
0
1048717607
1036915287
0
1070141403
0
0
-1096695568
0
0
1050788080
0
0
1050788080
0
0
-1096695568
0
0
1055455222
-1078981750
0
1070141403
0
0
1058210854
0
0
-1089272794
0
0
-1089272794
0
0
1058210854
0
0
1054727423
-1083771589
0
1070141403
0
0
-1124581817
0
0
1022896409
0
0
1022896409
0
0
-1124581817
0
0
-1090383751
-1079655438
0
1070141403
0
0
1021488137
0
0
-1125995511
0
0
-1125995511
0
0
1021488137
0
0
1042817102
-1091205747
0
1070141403
0
0
-1104848850
0
0
1042634798
0
0
1042634798
0
0
-1104848850
0
0
-1106752150
-1078791330
0
1070141403
0
0
1057040797
0
0
-1090442851
0
0
-1090442851
0
0
1057040797
0
0
1060469703
1065482944
0
1070141403
0
0
1040534232
0
0
-1106949416
0
0
-1106949416
0
0
1040534232
0
0
1059245238
-1098047914
0
1070141403
0
0
-1080601368
0
0
1066881799
0
0
1066881799
0
0
-1080601368
0
0
1059063008
1065565530
0
1070141403
0
0
1057428083
0
0
-1090055565
0
0
-1090055565
0
0
1057428083
0
0
1052452799
1067356595
0
1070141403
0
0
-1086162541
0
0
1061320329
0
0
1061320329
0
0
-1086162541
0
0
-1090448371
1057115200
0
1070141403
0
0
-1103768757
0
0
1043714891
0
0
1043714891
0
0
-1103768757
0
0
-1087376374
-1108017146
0
1070141403
0
0
1012090785
0
0
-1135392863
0
0
-1135392863
0
0
1012090785
0
0
-1095205323
-1086537851
0
1070141403
0
0
1048112712
0
0
-1099370936
0
0
-1099370936
0
0
1048112712
0
0
-1089935452
1038295497
0
1070141403
0
0
1055565160
0
0
-1091918488
0
0
-1091918488
0
0
1055565160
0
0
-1092566876
-1089033370
0
1070141403
0
0
1061482613
0
0
-1086001035
0
0
-1086001035
0
0
1061482613
0
0
-1094375413
1067573970
0
1070141403
0
0
1055682216
0
0
-1091801432
0
0
-1091801432
0
0
1055682216
0
0
-1113812387
-1079839146
0
1070141403
0
0
1050160857
0
0
-1097322791
0
0
-1097322791
0
0
1050160857
0
0
1053603798
1066108849
0
1070141403
0
0
-1079589346
0
0
1067894302
0
0
1067894302
0
0
-1079589346
0
0
-1114585222
-1079711756
0
1070141403
0
0
1039394082
0
0
-1108089566
0
0
-1108089566
0
0
1039394082
0
0
1053003380
-1096620455
0
1070141403
0
0
1065499669
0
0
-1081983979
0
0
-1081983979
0
0
1065499669
0
0
1060874353
1061693820
0
1070141403
0
0
-1090919076
0
0
1056564572
0
0
1056564572
0
0
-1090919076
0
0
-1100488132
-1083173084
0
1070141403
0
0
-1102697698
0
0
1044785950
0
0
1044785950
0
0
-1102697698
0
0
-1086943279
-1083831481
0
1070141403
0
0
-1099956454
0
0
1047521402
0
0
1047521402
0
0
-1099956454
0
0
1056509487
1030657509
0
1070141403
0
0
1064543720
0
0
-1082939928
0
0
-1082939928
0
0
1064543720
0
0
1048764493
-1084150816
0
1070141403
0
0
1058379631
0
0
-1089104017
0
0
-1089104017
0
0
1058379631
0
0
1047712312
-1079187065
0
1070141403
0
0
1065956884
0
0
-1081526764
0
0
-1081526764
0
0
1065956884
0
0
-1092879477
-1077660530
0
1070141403
0
0
1066658999
0
0
-1080824649
0
0
-1080824649
0
0
1066658999
0
0
1058958020
-1079265736
0
1070141403
0
0
1020746790
0
0
-1126736858
0
0
-1126736858
0
0
1020746790
0
0
1057220232
1066040375
0
1070141403
0
0
-1116854045
0
0
1030650268
0
0
1030650268
0
0
-1116854045
0
0
-1087637164
-1095749748
0
1070141403
0
0
-1099544864
0
0
1047935692
0
0
1047935692
0
0
-1099544864
0
0
-1095553131
-1081437182
0
1070141403
0
0
-1123892459
0
0
1023591189
0
0
1023591189
0
0
-1123892459
0
0
-1085786321
1052691544
0
1070141403
0
0
-1103076533
0
0
1044408724
0
0
1044408724
0
0
-1103076533
0
0
1055721862
-1089814592
0
1070141403
0
0
-1081996151
0
0
1065487230
0
0
1065487230
0
0
-1081996151
0
0
-1086927014
-1085883349
0
1070141403
0
0
-1083802617
0
0
1063679477
0
0
1063679477
0
0
-1083802617
0
0
-1088495549
1051106881
0
1070141403
0
0
-1104992241
0
0
1042491407
0
0
1042491407
0
0
-1104992241
0
0
-1124015463
-1108929104
0
1070141403
0
0
1026130381
0
0
-1121353267
0
0
-1121353267
0
0
1026130381
0
0
1056190821
-1080912115
0
1070141403
0
0
-1098904132
0
0
1048579516
0
0
1048579516
0
0
-1098904132
0
0
1059292430
-1080976762
0
1070141403
0
0
-1101446944
0
0
1046042748
0
0
1046042748
0
0
-1101446944
0
0
-1087322799
1061838614
0
1070141403
0
0
1058213085
0
0
-1089270563
0
0
-1089270563
0
0
1058213085
0
0
-1126793545
1038981904
0
1070141403
0
0
-1080249655
0
0
1067233496
0
0
1067233496
0
0
-1080249655
0
0
1052330424
-1081379647
0
1070141403
0
0
1059598877
0
0
-1087884771
0
0
-1087884771
0
0
1059598877
0
0
1053644476
1039398450
0
1070141403
0
0
1055683454
0
0
-1091800194
0
0
-1091800194
0
0
1055683454
0
0
1054908562
-1085726861
0
1070141403
0
0
-1105541598
0
0
1041943249
0
0
1041943249
0
0
-1105541598
0
0
-1102839027
1067246654
0
1070141403
0
0
1057389128
0
0
-1090094520
0
0
-1090094520
0
0
1057389128
0
0
1061536761
1068575265
0
1070141403
0
0
-1090390374
0
0
1057093274
0
0
1057093274
0
0
-1090390374
0
0
1042828004
-1087926789
0
1070141403
0
0
-1088819491
0
0
1058663448
0
0
1058663448
0
0
-1088819491
0
0
-1102554743
-1080070263
0
1070141403
0
0
1015445729
0
0
-1132037919
0
0
-1132037919
0
0
1015445729
0
0
1058040173
-1106634045
0
1070141403
0
0
1029592031
0
0
-1117891617
0
0
-1117891617
0
0
1029592031
0
0
1039361488
-1077481110
0
1070141403
0
0
1049400175
0
0
-1098083473
0
0
-1098083473
0
0
1049400175
0
0
-1115130763
-1093619015
0
1070141403
0
0
1059111920
0
0
-1088371728
0
0
-1088371728
0
0
1059111920
0
0
-1095252247
1068707188
0
1070141403
0
0
1039019310
0
0
-1108464338
0
0
-1108464338
0
0
1039019310
0
0
1055327426
1067462066
0
1070141403
0
0
-1101447546
0
0
1046035361
0
0
1046035361
0
0
-1101447546
0
0
1049176031
-1085927498
0
1070141403
0
0
-1086122111
0
0
1061362137
0
0
1061362137
0
0
-1086122111
0
0
-1099593207
-1081714774
0
1070141403
0
0
-1090554842
0
0
1056931997
0
0
1056931997
0
0
-1090554842
0
0
-1097347630
1065581633
0
1070141403
0
0
1033541148
0
0
-1113942500
0
0
-1113942500
0
0
1033541148
0
0
1043875506
-1078046467
0
1070141403
0
0
-1128893374
0
0
1018590274
0
0
1018590274
0
0
-1128893374
0
0
1056540771
-1082114451
0
1070141403
0
0
-1088907496
0
0
1058575713
0
0
1058575713
0
0
-1088907496
0
0
1060522654
1043341338
0
1070141403
0
0
1061636970
0
0
-1085846678
0
0
-1085846678
0
0
1061636970
0
0
1037122511
-1109791690
0
1070141403
0
0
1038896258
0
0
-1108587390
0
0
-1108587390
0
0
1038896258
0
0
1055441241
-1090742662
0
1070141403
0
0
1026070551
0
0
-1121413097
0
0
-1121413097
0
0
1026070551
0
0
1055601596
-1098518080
0
1070141403
0
0
1059231138
0
0
-1088252510
0
0
-1088252510
0
0
1059231138
0
0
-1089202733
-1080781386
0
1070141403
0
0
-1081896978
0
0
1065586670
0
0
1065586670
0
0
-1081896978
0
0
-1106443310
1057124394
0
1070141403
0
0
1044273232
0
0
-1103210416
0
0
-1103210416
0
0
1044273232
0
0
1051551499
1057540028
0
1070141403
0
0
-1101170993
0
0
1046312655
0
0
1046312655
0
0
-1101170993
0
0
1058628838
1068931125
0
1070141403
0
0
1041291724
0
0
-1106191924
0
0
-1106191924
0
0
1041291724
0
0
1040588640
-1078365418
0
1070141403
0
0
1037595190
0
0
-1109888458
0
0
-1109888458
0
0
1037595190
0
0
-1087437034
-1123715511
0
1070141403
0
0
-1081425188
0
0
1066058460
0
0
1066058460
0
0
-1081425188
0
0
1049477303
1060909574
0
1070141403
0
0
-1081776129
0
0
1065707519
0
0
1065707519
0
0
-1081776129
0
0
1060792600
1062340365
0
1070141403
0
0
1036616750
0
0
-1110866898
0
0
-1110866898
0
0
1036616750
0
0
1059669211
1063321433
0
1070141403
0
0
1066954518
0
0
-1080529130
0
0
-1080529130
0
0
1066954518
0
0
1049575425
1069182623
0
1070141403
0
0
1043879043
0
0
-1103604605
0
0
-1103604605
0
0
1043879043
0
0
1045052281
1064655932
0
1070141403
0
0
-1101256751
0
0
1046218057
0
0
1046218057
0
0
-1101256751
0
0
-1103589005
-1129212360
0
1070141403
0
0
-1084474461
0
0
1063009739
0
0
1063009739
0
0
-1084474461
0
0
1041810547
-1082622776
0
1070141403
0
0
1063732039
0
0
-1083751609
0
0
-1083751609
0
0
1063732039
0
0
1041687150
-1079793842
0
1070141403
0
0
-1108695629
0
0
1038791123
0
0
1038791123
0
0
-1108695629
0
0
1059200040
-1082431721
0
1070141403
0
0
-1098136022
0
0
1049347626
0
0
1049347626
0
0
-1098136022
0
0
-1090359385
1059563627
0
1070141403
0
0
1057339475
0
0
-1090144173
0
0
-1090144173
0
0
1057339475
0
0
-1132359571
1047753923
0
1070141403
0
0
1058067775
0
0
-1089415873
0
0
-1089415873
0
0
1058067775
0
0
-1086974833
1053027579
0
1070141403
0
0
-1085767324
0
0
1061716324
0
0
1061716324
0
0
-1085767324
0
0
1052096497
-1099371663
0
1070141403
0
0
1067368074
0
0
-1080115574
0
0
-1080115574
0
0
1067368074
0
0
-1093048383
-1089830814
0
1070141403
0
0
1023313643
0
0
-1124170005
0
0
-1124170005
0
0
1023313643
0
0
1015331525
1050181452
0
1070141403
0
0
1065564333
0
0
-1081919315
0
0
-1081919315
0
0
1065564333
0
0
1058740897
-1088337563
0
1070141403
0
0
-1131652069
0
0
1015825480
0
0
1015825480
0
0
-1131652069
0
0
1055185180
1044400888
0
1070141403
0
0
-1087021569
0
0
1060462079
0
0
1060462079
0
0
-1087021569
0
0
1056601557
-1079094061
0
1070141403
0
0
-1082422813
0
0
1065060835
0
0
1065060835
0
0
-1082422813
0
0
-1089484161
-1080232124
0
1070141403
0
0
1047022787
0
0
-1100460861
0
0
-1100460861
0
0
1047022787
0
0
-1113234422
-1084022260
0
1070141403
0
0
1057422022
0
0
-1090061626
0
0
-1090061626
0
0
1057422022
0
0
-1102671107
1060938355
0
1070141403
0
0
1066216773
0
0
-1081266875
0
0
-1081266875
0
0
1066216773
0
0
-1108162307
-1084315090
0
1070141403
0
0
1065243700
0
0
-1082239948
0
0
-1082239948
0
0
1065243700
0
0
1055898670
1053571956
0
1070141403
0
0
1040646313
0
0
-1106837335
0
0
-1106837335
0
0
1040646313
0
0
1054829859
1050952984
0
1070141403
0
0
1055270651
0
0
-1092212997
0
0
-1092212997
0
0
1055270651
0
0
-1096447630
1050633228
0
1070141403
0
0
1061613311
0
0
-1085870337
0
0
-1085870337
0
0
1061613311
0
0
1050337654
1023754764
0
1070141403
0
0
1039108673
0
0
-1108374975
0
0
-1108374975
0
0
1039108673
0
0
1052023990
-1094392645
0
1070141403
0
0
-1107048947
0
0
1040433644
0
0
1040433644
0
0
-1107048947
0
0
1053462986
-1107164000
0
1070141403
0
0
1057856096
0
0
-1089627552
0
0
-1089627552
0
0
1057856096
0
0
-1088595163
1066126796
0
1070141403
0
0
-1088534980
0
0
1058948668
0
0
1058948668
0
0
-1088534980
0
0
-1104320536
1047956279
0
1070141403
0
0
-1088063655
0
0
1059419271
0
0
1059419271
0
0
-1088063655
0
0
-1104981950
-1090499085
0
1070141403
0
0
1061460577
0
0
-1086023071
0
0
-1086023071
0
0
1061460577
0
0
1036826219
1055011864
0
1070141403
0
0
1053344894
0
0
-1094138754
0
0
-1094138754
0
0
1053344894
0
0
1040514958
-1082764509
0
1070141403
0
0
-1092459889
0
0
1055023759
0
0
1055023759
0
0
-1092459889
0
0
-1090932755
-1121218823
0
1070141403
0
0
1055834080
0
0
-1091649568
0
0
-1091649568
0
0
1055834080
0
0
1043553121
1059785855
0
1070141403
0
0
-1086729530
0
0
1060754118
0
0
1060754118
0
0
-1086729530
0
0
-1091404843
-1083401118
0
1070141403
0
0
-1110165932
0
0
1037321923
0
0
1037321923
0
0
-1110165932
0
0
1049900870
1057573585
0
1070141403
0
0
-1103165726
0
0
1044317922
0
0
1044317922
0
0
-1103165726
0
0
1060278271
1059179081
0
1070141403
0
0
-1081407180
0
0
1066076468
0
0
1066076468
0
0
-1081407180
0
0
1059183875
-1099009376
0
1070141403
0
0
1057724819
0
0
-1089758829
0
0
-1089758829
0
0
1057724819
0
0
-1092066831
-1106289633
0
1070141403
0
0
1040527705
0
0
-1106955943
0
0
-1106955943
0
0
1040527705
0
0
-1087753235
-1078701916
0
1070141403
0
0
1060277891
0
0
-1087205757
0
0
-1087205757
0
0
1060277891
0
0
1048781940
-1078093624
0
1070141403
0
0
1051022184
0
0
-1096461464
0
0
-1096461464
0
0
1051022184
0
0
1041526265
-1086815451
0
1070141403
0
0
1066072745
0
0
-1081410903
0
0
-1081410903
0
0
1066072745
0
0
-1089578329
1052831579
0
1070141403
0
0
1057277854
0
0
-1090205794
0
0
-1090205794
0
0
1057277854
0
0
-1086057732
1024563857
0
1070141403
0
0
1060337884
0
0
-1087145764
0
0
-1087145764
0
0
1060337884
0
0
-1097650621
1051469158
0
1070141403
0
0
-1085696158
0
0
1061787490
0
0
1061787490
0
0
-1085696158
0
0
-1110730776
-1085015500
0
1070141403
0
0
-1102375097
0
0
1045108551
0
0
1045108551
0
0
-1102375097
0
0
-1105479809
1070045096
0
1070141403
0
0
1059317740
0
0
-1088165908
0
0
-1088165908
0
0
1059317740
0
0
-1095295524
-1095880948
0
1070141403
0
0
-1082031094
0
0
1065452986
0
0
1065452986
0
0
-1082031094
0
0
1053727035
-1084159408
0
1070141403
0
0
1062258312
0
0
-1085225336
0
0
-1085225336
0
0
1062258312
0
0
1057250275
-1083693664
0
1070141403
0
0
1032572307
0
0
-1114911341
0
0
-1114911341
0
0
1032572307
0
0
-1091872663
-1086440650
0
1070141403
0
0
1057124767
0
0
-1090358881
0
0
-1090358881
0
0
1057124767
0
0
-1089956779
-1079187246
0
1070141403
0
0
1057837099
0
0
-1089646549
0
0
-1089646549
0
0
1057837099
0
0
1059503149
-1081196720
0
1070141403
0
0
1065942180
0
0
-1081541468
0
0
-1081541468
0
0
1065942180
0
0
1034661469
-1085753104
0
1070141403
0
0
1053560743
0
0
-1093922905
0
0
-1093922905
0
0
1053560743
0
0
1043309931
1064951976
0
1070141403
0
0
-1097493023
0
0
1049992361
0
0
1049992361
0
0
-1097493023
0
0
1040836556
-1115601397
0
1070141403
0
0
-1084728717
0
0
1062754931
0
0
1062754931
0
0
-1084728717
0
0
-1097337260
-1088344681
0
1070141403
0
0
-1083423624
0
0
1064060024
0
0
1064060024
0
0
-1083423624
0
0
-1097645859
1069425310
0
1070141403
0
0
-1111867995
0
0
1035613536
0
0
1035613536
0
0
-1111867995
0
0
-1088829032
-1081924653
0
1070141403
0
0
1028156340
0
0
-1119327308
0
0
-1119327308
0
0
1028156340
0
0
1060382098
1063770342
0
1070141403
0
0
-1088315844
0
0
1059167332
0
0
1059167332
0
0
-1088315844
0
0
1047360966
1054178955
0
1070141403
0
0
-1099974388
0
0
1047509260
0
0
1047509260
0
0
-1099974388
0
0
1049559171
-1089242439
0
1070141403
0
0
-1087862999
0
0
1059620649
0
0
1059620649
0
0
-1087862999
0
0
1046761145
-1079637839
0
1070141403
0
0
1037299302
0
0
-1110184346
0
0
-1110184346
0
0
1037299302
0
0
1058476770
-1079739684
0
1070141403
0
0
-1081467605
0
0
1066015683
0
0
1066015683
0
0
-1081467605
0
0
1059524290
1054595320
0
1070141403
0
0
1048984180
0
0
-1098499468
0
0
-1098499468
0
0
1048984180
0
0
1021834240
-1087304331
0
1070141403
0
0
1012426002
0
0
-1135057646
0
0
-1135057646
0
0
1012426002
0
0
1059355591
-1084695227
0
1070141403
0
0
1066451603
0
0
-1081032045
0
0
-1081032045
0
0
1066451603
0
0
1058148612
1062160262
0
1070141403
0
0
-1094024645
0
0
1053459917
0
0
1053459917
0
0
-1094024645
0
0
-1086199019
-1088419465
0
1070141403
0
0
1045979516
0
0
-1101504132
0
0
-1101504132
0
0
1045979516
0
0
1059459958
1053484164
0
1070141403
0
0
1059968401
0
0
-1087515247
0
0
-1087515247
0
0
1059968401
0
0
-1106148692
-1116030222
0
1070141403
0
0
1049118700
0
0
-1098364948
0
0
-1098364948
0
0
1049118700
0
0
-1167671546
-1084629753
0
1070141403
0
0
-1094757525
0
0
1052726123
0
0
1052726123
0
0
-1094757525
0
0
-1102298438
-1079350582
0
1070141403
0
0
-1086286221
0
0
1061195981
0
0
1061195981
0
0
-1086286221
0
0
-1088352356
1063542128
0
1070141403
0
0
-1091676891
0
0
1055806757
0
0
1055806757
0
0
-1091676891
0
0
-1092991269
-1092239315
0
1070141403
0
0
-1118943821
0
0
1028547343
0
0
1028547343
0
0
-1118943821
0
0
-1096087335
1055723970
0
1070141403
0
0
1057298266
0
0
-1090185382
0
0
-1090185382
0
0
1057298266
0
0
-1098878140
-1084021376
0
1070141403
0
0
-1116698856
0
0
1030784965
0
0
1030784965
0
0
-1116698856
0
0
-1094247153
-1089731357
0
1070141403
0
0
1055452110
0
0
-1092031538
0
0
-1092031538
0
0
1055452110
0
0
1056942801
-1096156331
0
1070141403
0
0
1055017555
0
0
-1092466093
0
0
-1092466093
0
0
1055017555
0
0
-1086168028
1058527636
0
1070141403
0
0
-1088733619
0
0
1058749169
0
0
1058749169
0
0
-1088733619
0
0
1041532118
-1094974284
0
1070141403
0
0
-1095543318
0
0
1051940330
0
0
1051940330
0
0
-1095543318
0
0
1060353290
-1114779793
0
1070141403
0
0
-1132899711
0
0
1014583937
0
0
1014583937
0
0
-1132899711
0
0
1058520523
-1093167327
0
1070141403
0
0
1062684091
0
0
-1084799557
0
0
-1084799557
0
0
1062684091
0
0
-1095064948
-1092129358
0
1070141403
0
0
1058090105
0
0
-1089393543
0
0
-1089393543
0
0
1058090105
0
0
1053310117
1019093888
0
1070141403
0
0
1026901842
0
0
-1120581806
0
0
-1120581806
0
0
1026901842
0
0
995260413
-1079401197
0
1070141403
0
0
-1091983622
0
0
1055500026
0
0
1055500026
0
0
-1091983622
0
0
-1086552525
1055515471
0
1070141403
0
0
-1113939833
0
0
1033541158
0
0
1033541158
0
0
-1113939833
0
0
1059213287
-1087741024
0
1070141403
0
0
-1091869690
0
0
1055614438
0
0
1055614438
0
0
-1091869690
0
0
1049615497
1063267338
0
1070141403
0
0
1062234514
0
0
-1085249134
0
0
-1085249134
0
0
1062234514
0
0
1058642897
-1087321930
0
1070141403
0
0
-1091110069
0
0
1056377468
0
0
1056377468
0
0
-1091110069
0
0
1059274436
-1121929558
0
1070141403
0
0
-1115867691
0
0
1031603119
0
0
1031603119
0
0
-1115867691
0
0
-1098253664
-1091200603
0
1070141403
0
0
-1100024754
0
0
1047458894
0
0
1047458894
0
0
-1100024754
0
0
1058552401
-1077590177
0
1070141403
0
0
-1090758111
0
0
1056722004
0
0
1056722004
0
0
-1090758111
0
0
-1116464468
-1079457682
0
1070141403
0
0
-1081933232
0
0
1065550416
0
0
1065550416
0
0
-1081933232
0
0
1033379045
1058474104
0
1070141403
0
0
-1088781525
0
0
1058702123
0
0
1058702123
0
0
-1088781525
0
0
1058923069
1066359049
0
1070141403
0
0
1056050594
0
0
-1091433054
0
0
-1091433054
0
0
1056050594
0
0
-1093837262
1064718104
0
1070141403
0
0
-1084449811
0
0
1063033837
0
0
1063033837
0
0
-1084449811
0
0
1053832453
-1101464749
0
1070141403
0
0
-1088495350
0
0
1058989903
0
0
1058989903
0
0
-1088495350
0
0
1057723648
1067339535
0
1070141403
0
0
-1079888452
0
0
1067595044
0
0
1067595044
0
0
-1079888452
0
0
-1087094710
1066786139
0
1070141403
0
0
-1085841794
0
0
1061641369
0
0
1061641369
0
0
-1085841794
0
0
-1101870549
1060380848
0
1070141403
0
0
1048702632
0
0
-1098781016
0
0
-1098781016
0
0
1048702632
0
0
-1090191997
-1089157532
0
1070141403
0
0
1067970517
0
0
-1079513131
0
0
-1079513131
0
0
1067970517
0
0
1055755396
1065417603
0
1070141403
0
0
1057416812
0
0
-1090066836
0
0
-1090066836
0
0
1057416812
0
0
1055848815
-1088827694
0
1070141403
0
0
1048030383
0
0
-1099453265
0
0
-1099453265
0
0
1048030383
0
0
-1091782604
-1077698937
0
1070141403
0
0
1027281386
0
0
-1120202262
0
0
-1120202262
0
0
1027281386
0
0
1058200076
1051498842
0
1070141403
0
0
1009657439
0
0
-1137826209
0
0
-1137826209
0
0
1009657439
0
0
1059574423
1062312828
0
1070141403
0
0
-1086858868
0
0
1060624780
0
0
1060624780
0
0
-1086858868
0
0
-1108657423
1040744809
0
1070141403
0
0
-1096310209
0
0
1051170722
0
0
1051170722
0
0
-1096310209
0
0
1040849148
1057306133
0
1070141403
0
0
-1105387336
0
0
1042096312
0
0
1042096312
0
0
-1105387336
0
0
-1094166542
-1078655685
0
1070141403
0
0
-1102207047
0
0
1045279631
0
0
1045279631
0
0
-1102207047
0
0
-1092138797
-1078847718
0
1070141403
0
0
-1088976632
0
0
1058507016
0
0
1058507016
0
0
-1088976632
0
0
1060144628
-1095511344
0
1070141403
0
0
1054696348
0
0
-1092787300
0
0
-1092787300
0
0
1054696348
0
0
1040952696
-1082655997
0
1070141403
0
0
-1095947729
0
0
1051533492
0
0
1051533492
0
0
-1095947729
0
0
1056192897
1066632139
0
1070141403
0
0
-1095025774
0
0
1052457874
0
0
1052457874
0
0
-1095025774
0
0
-1095180342
1057731961
0
1070141403
0
0
1041216464
0
0
-1106267184
0
0
-1106267184
0
0
1041216464
0
0
-1091298157
1068787249
0
1070141403
0
0
-1086410380
0
0
1061073268
0
0
1061073268
0
0
-1086410380
0
0
-1091603860
1069735376
0
1070141403
0
0
1060765848
0
0
-1086717800
0
0
-1086717800
0
0
1060765848
0
0
1050222839
1066338801
0
1070141403
0
0
1067352521
0
0
-1080131127
0
0
-1080131127
0
0
1067352521
0
0
-1085887659
1048168410
0
1070141403
0
0
-1115335627
0
0
1032148021
0
0
1032148021
0
0
-1115335627
0
0
1031347263
1067760284
0
1070141403
0
0
1019337075
0
0
-1128146573
0
0
-1128146573
0
0
1019337075
0
0
-1088464913
-1081494937
0
1070141403
0
0
-1103657260
0
0
1043826388
0
0
1043826388
0
0
-1103657260
0
0
-1095708481
1066744734
0
1070141403
0
0
-1112272647
0
0
1035211001
0
0
1035211001
0
0
-1112272647
0
0
1045755999
-1099906362
0
1070141403
0
0
-1082555732
0
0
1064927916
0
0
1064927916
0
0
-1082555732
0
0
1050399445
-1088306115
0
1070141403
0
0
-1086939745
0
0
1060544020
0
0
1060544020
0
0
-1086939745
0
0
1029969423
-1111418731
0
1070141403
0
0
1063936726
0
0
-1083546922
0
0
-1083546922
0
0
1063936726
0
0
1035322161
1057239285
0
1070141403
0
0
-1106195951
0
0
1041287697
0
0
1041287697
0
0
-1106195951
0
0
-1087306204
1068745430
0
1070141403
0
0
-1108005973
0
0
1039477675
0
0
1039477675
0
0
-1108005973
0
0
1049860538
1049188408
0
1070141403
0
0
1066641304
0
0
-1080842344
0
0
-1080842344
0
0
1066641304
0
0
1032025765
-1089363303
0
1070141403
0
0
-1103957104
0
0
1043528028
0
0
1043528028
0
0
-1103957104
0
0
-1121314157
1069541047
0
1070141403
0
0
-1081587844
0
0
1065896126
0
0
1065896126
0
0
-1081587844
0
0
1059286672
1015148271
0
1070141403
0
0
1065409398
0
0
-1082074250
0
0
-1082074250
0
0
1065409398
0
0
1059301916
-1086648918
0
1070141403
0
0
1044664951
0
0
-1102818697
0
0
-1102818697
0
0
1044664951
0
0
1055144877
1064304104
0
1070141403
0
0
1053653726
0
0
-1093829922
0
0
-1093829922
0
0
1053653726
0
0
-1143172081
1054293767
0
1070141403
0
0
1047833471
0
0
-1099650177
0
0
-1099650177
0
0
1047833471
0
0
1050202202
1029908090
0
1070141403
0
0
1056282248
0
0
-1091201400
0
0
-1091201400
0
0
1056282248
0
0
1052596368
1062579825
0
1070141403
0
0
-1142912100
0
0
1004571548
0
0
1004571548
0
0
-1142912100
0
0
-1091262132
1022602298
0
1070141403
0
0
1053075903
0
0
-1094407745
0
0
-1094407745
0
0
1053075903
0
0
1059482393
-1080653770
0
1070141403
0
0
-1079621461
0
0
1067862187
0
0
1067862187
0
0
-1079621461
0
0
1037971436
1065834543
0
1070141403
0
0
-1089367169
0
0
1058116479
0
0
1058116479
0
0
-1089367169
0
0
1053889063
1032098859
0
1070141403
0
0
1065899814
0
0
-1081583834
0
0
-1081583834
0
0
1065899814
0
0
1035684232
-1081053569
0
1070141403
0
0
-1108562325
0
0
1038921323
0
0
1038921323
0
0
-1108562325
0
0
-1086772159
1065964458
0
1070141403
0
0
1038725912
0
0
-1108757736
0
0
-1108757736
0
0
1038725912
0
0
-1091915396
1058935026
0
1070141403
0
0
-1106795156
0
0
1040688492
0
0
1040688492
0
0
-1106795156
0
0
-1096406389
1057848664
0
1070141403
0
0
1042763737
0
0
-1104719911
0
0
-1104719911
0
0
1042763737
0
0
1059353022
1065751971
0
1070141403
0
0
1028070769
0
0
-1119412879
0
0
-1119412879
0
0
1028070769
0
0
-1086877591
1056820955
0
1070141403
0
0
-1151377969
0
0
996141278
0
0
996141278
0
0
-1151377969
0
0
1060451235
1043658573
0
1070141403
0
0
1056022282
0
0
-1091461366
0
0
-1091461366
0
0
1056022282
0
0
1057703901
1053220919
0
1070141403
0
0
-1132655949
0
0
1014827699
0
0
1014827699
0
0
-1132655949
0
0
-1100153884
1069912939
0
1070141403
0
0
1019635673
0
0
-1127847975
0
0
-1127847975
0
0
1019635673
0
0
-1086435775
-1079310808
0
1070141403
0
0
-1104185081
0
0
1043298567
0
0
1043298567
0
0
-1104185081
0
0
-1156905836
-1077381640
0
1070141403
0
0
-1093590745
0
0
1053890288
0
0
1053890288
0
0
-1093590745
0
0
-1087638364
1069676926
0
1070141403
0
0
1064063896
0
0
-1083419752
0
0
-1083419752
0
0
1064063896
0
0
-1113181771
1018270499
0
1070141403
0
0
-1084486170
0
0
1062997332
0
0
1062997332
0
0
-1084486170
0
0
1058817584
-1107056807
0
1070141403
0
0
1037596050
0
0
-1109887598
0
0
-1109887598
0
0
1037596050
0
0
1052044693
1067240117
0
1070141403
0
0
-1080336954
0
0
1067146694
0
0
1067146694
0
0
-1080336954
0
0
-1088549160
-1087624393
0
1070141403
0
0
1048832815
0
0
-1098650833
0
0
-1098650833
0
0
1048832815
0
0
