1083429315 1047940910 1124005771 1091650098 1091335959
-1068139777 1053112196 1128593379 1116242294 1109318022
-1064302709 1040448925 1105891338 -1028939168 1082563658
1091871427 1037434679 1123684093 -1048546281 1103557090
1092421635 1056536213 1125465999 1109909143 1105490994
1087955916 1057412550 1127472628 -1031550949 -1038739208
1092166863 1060695141 1125056919 -1031769905 -1068147477
-1054961526 1033006517 1116429883 -1041749004 1107385933
1092019489 1063100806 1123354702 -1033428753 -1043637908
1088610093 1008631191 1124758887 1111709800 1100554892
-1061630158 1061714112 1128075536 -1028726790 -1055369011
1088580885 1061763604 1128706500 1116334823 -1041407011
1091820720 1060727654 1124563080 1113270826 -1062686498
-1086186488 1062884071 1120451555 1118902647 1109979114
-1069808076 1027709403 1097150995 -1029077644 -1078190446
1092027943 1065170632 1125743881 1048627110 -1045428845
-1066121460 1062807785 1093053351 -1028630981 -1051561052
-1056686481 1062841860 1060913637 -1039511262 1077285046
1090913602 1049489017 1127143994 1100888761 1108548657
-1055800492 1059426227 1120319669 1067083679 1072584144
-1070919959 1056214227 1124911936 -1040238879 -1037054492
1082174008 1061080946 1123215953 -1036075588 -1054882017
1090759549 1043032076 1061707630 -1037482393 1108175363
-1065251222 1054579038 1124696741 -1048329248 -1051485510
1079761369 1060998139 1127408405 1097221958 1064816231
-1066357310 1057639545 1128439581 1101243230 -1037420519
1081209154 1059150499 1126404424 1110285039 1094533731
-1066602477 1061164812 1108880641 -1031281081 1100583278
1091212005 1050626470 1121177640 -1033428279 -1039466334
1080783333 1052912911 1122826428 1117691533 1078242724
-1061754281 1051385502 1112042959 1110021837 -1038929937
-1063866226 1044460096 1114518920 1111103834 -1037878670
-1056672445 1063545030 1121311490 -1030411468 1077188406
-1056406568 1043661554 1127264784 -1042849679 1110371605
1069697263 1058713590 1113226406 1075308953 1109400387
-1061903420 1063840276 1081597013 -1037921862 1098059784
-1064844732 1031999089 1110770299 -1031695507 1091912146
1083294259 1050383377 1123689773 -1029235369 -1073585490
-1056810892 1060498334 1118677026 1113976354 1091994089
1079802164 1055289161 1116328710 -1037694680 1102086535
-1061417445 1041833642 1127748367 1107764147 1108738899
-1055609987 1044895599 1122395923 1118266623 -1049475350
-1058566534 1036469754 1126428751 1106554855 -1060319846
-1093838370 1062494268 1121439916 1098061197 1091321052
-1071592925 987171404 1124722389 1108993514 -1038413251
1032434568 1060175205 1126181259 1109364832 -1050397030
-1056204515 1051907451 1120951241 1118061926 1099626812
-1057871389 1057054473 1127498778 -1032871759 -1051137457
1081724111 1023728393 1112540962 -1060500899 -1056521166
-1060549513 1050035901 1122389160 -1032932008 -1053248986
-1062612179 1057609317 1116600907 -1039613745 1106442158
1079679408 1038049806 1127948370 1116150870 1107128497
-1073271490 1052880610 1121091733 -1028485605 -1037595986
1085772463 1049290972 1125144386 -1050158550 -1047093478
-1063044762 1040203261 1106110707 -1041637527 1106447582
1088199069 1048946462 1123555404 -1076509998 -1057761245
1088610347 1062335190 1092554847 -1037314742 1106563247
-1078535023 1061010963 1127171261 -1038792316 1110306936
1087564188 1061513590 1116834137 -1032361798 -1046214036
-1063347083 985398573 1112994242 -1036367848 -1039576297
1085789197 1064729256 1109907032 1117236125 -1037878142
1092035921 1053887562 1120807297 -1028639364 -1040224442
1088514278 1048676875 1110369406 -1031739921 1105197836
-1066718019 1057601933 1120859562 1090808329 -1052924766
-1058869211 1046409592 1117154231 1117039159 1086716720
1089475972 1059523810 1120332211 -1049729642 1097986088
-1055196358 1042863093 1125425462 1117401509 -1054931186
-1071561303 1033126340 1103608250 1085082942 1109085623
-1055225400 1051200605 1122569122 -1043800840 -1037746241
1085178905 1022652782 1121002446 -1046285070 1098075577
1074761951 1047990357 1117629059 1118972273 -1047111085
-1058487259 1054867799 1122817468 -1030540951 1107862256
-1116672772 1057487651 1124888497 1099276024 1109219976
-1071488167 1030625672 1108187075 -1048834021 1096323708
1082618248 1064383950 1128128320 1101757991 1100971752
-1055454526 1042098628 1100215429 1117671353 1102431367
-1060654098 1064609609 1090307960 -1034895555 1094607996
1085622007 1052312804 1106129694 1098073395 1106247001
1079722742 1053669579 1117855622 1096532358 -1043822086
1090959541 1050017653 1126573827 -1030390655 1103241201
1063965293 1057394150 1122855391 -1037365246 1091938185
-1056654232 1062925761 1126366975 -1038777326 -1062950371
1083828915 1064689111 1120140503 1109658399 -1062720617
-1077636679 1047526109 1125428444 1107816236 -1039184842
1084485644 1055414160 1128437247 -1039398668 -1043783533
1087789400 1059908684 1123340182 -1028803824 1092062192
1087731407 1049428961 1113815871 1092013338 -1053891915
-1060788524 1064957051 1117695835 -1030257162 -1037991232
-1061184167 1053380410 1100037830 -1061755654 1101014632
-1059541979 1064856425 1121094844 1081893093 1084508104
-1063132540 1054787299 1085313859 1110596525 -1040890749
1081855549 1044458965 1091260899 1118278880 -1074986324
1088802450 1055085752 1115306048 1107900645 -1038255337
-1066363559 1057173754 1122556312 1097748926 -1038241520
-1061521855 1058446914 1128539054 -1037134789 1107106442
-1112997721 1058301813 1093892825 1099052477 1110134825
-1060226857 1057069508 1124686709 1118407735 -1045101738
1086698169 1050731510 1118360850 -1033204552 -1046831936
1078807872 1051765088 1123456592 -1058920690 1087789542
-1067235193 1056223875 1116984468 1101344269 -1038267122
-1055511357 1063890659 1111610562 1113039603 1099813199
1088882892 1034022144 1128056202 1105118972 1107937851
1074026606 1058678215 1127631878 1113175450 -1055101714
-1063670532 1060991938 1105313989 -1029064279 -1042561674
-1074042800 1063363248 1102546254 1117823824 1108290125
-1066042163 1052384780 1119823885 -1030297373 1101255649
1078692969 1057058479 1126706759 1114951584 -1038497216
1087650609 1047114432 1121882989 -1037639414 -1059704338
-1067258259 1034376642 1118371881 -1050860453 -1053481352
-1059700531 1061705583 1108067395 -1036317161 1070815195
-1062726843 1064857889 1118573217 1086204571 1106414080
-1056818173 1040436105 1123055248 -1028804025 -1056101407
-1076168436 1057472473 1117890257 1110467762 1070752436
1085422721 1055266343 1101611882 -1044720018 -1085456168
1088235697 1057798375 1127155317 1100933124 1091272351
1082474426 1051052096 1124233382 1116173313 1102575282
-1057004594 1036208186 1115002499 1095991033 -1054054468
1082660176 1037816797 1097957032 1113644824 1090538754
1075067115 1055831268 1114904941 -1028814952 -1038534618
1065286513 1063226505 1128042230 -1033925841 -1038392357
-1060672154 1039933813 1127645188 -1056274887 1108422642
1083852400 1034949537 1114151466 -1029331329 1101717593
-1056711931 1050396915 1125307422 1111544799 -1053233922
1069100347 1054028568 1114936307 1115271881 -1048507382
-1055640913 1034041539 1117232803 1100642868 -1056106386
1083422477 1049934096 1126716376 1099307257 -1048110951
1077173880 1044675260 1123550710 1118814590 -1044625408
1069986908 1064217198 1101949952 1112310367 -1039906692
1092380707 1059320423 1114038912 1109744077 -1047897314
1085602856 1064016401 1117947729 -1056742553 1046175028
1083568723 1050271491 1111233859 1100822004 -1048407371
-1055187064 1064806493 1128306950 -1036780290 -1041151993
-1056195687 1052500293 1117608819 -1035650568 -1049051702
1082812217 1057035224 1125043368 -1039359046 -1037017901
-1065121180 1040976828 1125367247 1116878188 -1039379870
-1058714127 1060196381 1122999422 1103183471 1102833595
-1060239042 1064328015 1122379153 1107778345 -1042471942
1089261818 1040933108 1097277274 1117126538 -1069640210
-1059409296 1053825229 1118796594 -1030087663 -1044735890
1082036183 1061984055 1114524076 1112810905 -1046214734
-1066553184 1064493083 1128192295 -1034965736 -1039721518
-1062547797 1056989694 1124815402 1105420991 1110641525
-1089832683 1044838125 1110855874 -1030499035 1108823477
1084867880 1050520971 1117231642 -1044931956 1080758025
-1057309926 1053851696 1127597342 1111431406 1109872700
-1057535366 1053377280 1124431882 1108565709 1091661448
-1068906481 1062325544 1122766843 -1053214478 -1039335702
1070982285 1059710409 1121794168 1086398776 1099547528
-1066876973 1054983691 1075419441 -1028689744 1099856837
1090671275 1064215215 1098963519 -1030725713 -1056143583
1086652685 992239393 1127268410 1094390513 -1037115403
1092047508 1057787150 1117381052 1117626446 1100837046
-1110259521 1041031851 1120942684 1115834157 1101374300
-1055622214 1059215725 1116767007 -1035337826 -1052123773
-1083960039 1063817904 1126554393 1107677615 -1037471285
-1073474733 1062993569 1125084193 1064133511 -1051697429
1091859479 1040419084 1102101730 1090862126 1107355121
1085971829 1061772944 1125667388 1097665869 1100879777
1065792524 1046638818 1112306642 -1030280914 -1038817220
1089500444 1044179827 1124424066 1109098028 -1051074635
1090893656 1049869293 1017906950 -1034935697 -1049763217
1077191512 1051676381 1125880070 -1031655040 -1051765823
1076472897 1059340326 1108827473 -1030516585 1101682917
1082420076 1064668408 1125032617 1111571437 1089926237
-1055076736 1063333477 1119527604 1114248365 1105146146
1058041725 1059881475 1122773968 -1046623681 -1040213890
1089225839 1037991999 1115251323 1117789022 1109281430
-1072612649 1042687170 1119860992 1116618351 -1068206083
-1068984736 1058060352 1084252576 1109725425 -1043200517
1087915573 1034091702 1124252332 1109217099 1099222982
-1075919099 1058484790 1124247360 1112526378 1098416388
-1061747128 1032958992 1084348083 1087831536 1072478795
-1059273219 1065111544 1110175420 -1038021023 1104481984
1092267882 1063532543 1111646496 -1037694413 1110628030
-1056853485 1057171775 1105455321 1102986334 1110205081
1086453240 1038249807 1126996249 1116011785 1094260941
1086769819 1065234803 1078274943 1114590113 1103757052
-1055247348 1053236960 1101562905 1104150008 -1048847742
1063473819 1061124716 1114089544 -1055724952 -1036883295
-1057918274 1049326209 1118779417 -1045016722 1109579830
1091369041 1046835045 1117744868 1115872228 1104273100
-1064554441 1056756144 1116472348 -1047530480 1103242437
1087251126 1059229011 1126741624 -1039752311 1108178628
1084132550 1064156062 1120999111 1111712798 1040661876
1080469970 1053890273 1118285923 1118010543 -1088429954
1087966655 1053384092 1116950260 -1029927641 -1047524685
-1057373860 1059413626 1125290044 -1038487812 -1040513846
1082498066 1038314128 1126372612 1103880847 -1048313272
-1054955744 1060293508 1121427272 -1045273736 -1055797016
-1075418950 1062264083 1127138132 1118481414 1093974510
1089475419 1044610088 1128480666 1110676011 -1044489197
1082228190 1056500431 1092905125 -1060971735 -1044981847
-1056660038 1051833538 1122681558 -1037208982 1098410323
1048996832 1059845276 1103162741 1109015826 1063138332
-1060486179 1057233807 1121264722 1119065817 1096911075
-1081032147 1050957182 1100413590 1107779022 1105510266
-1083619871 1048687297 1127042803 -1104027411 -1049343017
1087693597 1042550995 1128397174 -1047050366 -1053102070
1046455214 1062257613 1111847974 -1035522301 1107374263
1075892120 1060341427 1126170155 1098940362 1108995228
-1096658426 1048577540 1118851412 -1038442922 1104050493
-1059161775 1048264370 1125583319 -1037182495 -1059720578
-1092188190 1056168773 1105152184 -1050661840 -1079377539
-1064900418 1041386812 1127734270 -1055105501 1109060364
-1072453439 1057251606 1121534641 1083453950 -1039842575
1084967112 1058693012 1126470152 -1044930696 -1043630885
-1079025950 1062677752 1114716003 -1051541470 -1056699914
-1073107474 1057242900 1128072917 -1058459491 -1044922100
-1083228781 1043002339 1117713101 1065898533 1107170041
1092040312 1061258125 1110109985 -1037687245 -1038288948
1079940187 1065114311 1121543202 1117879934 -1038681510
-1055478678 1063632979 1122837712 -1051345703 1103077507
1086219606 1063207899 1119376325 1114404506 -1037301649
-1056452946 1040336027 1109085088 -1052437033 1108128204
-1079857333 1061987625 1125915313 -1073328110 -1049906943
-1055752486 1057681936 1121839953 1117919261 -1043496355
-1057907926 1052979774 1111958628 -1029545678 -1037167474
-1074386173 1043047743 1111742572 -1058641699 1108702820
-1076802930 1029449630 1126720266 -1028791786 1102846745
1083989502 1060394107 1113012726 -1039181284 -1037779646
-1084941366 1063735490 1118988575 -1055607421 -1037705050
1090973317 1057623634 1124462459 1100303720 1107506930
1086279468 1049412380 1084579788 1093875296 -1040093529
-1056452967 1053242853 1124894483 1104622198 1098358069
1090101912 1059195862 1128291881 -1029840452 1087332102
-1075677668 1058231394 1109468114 -1030443144 1102711301
-1059630871 1064382705 1112008795 -1035402681 -1047056977
1086396140 1056695105 1122087946 1088123670 1095489638
-1081731525 1040368694 1128180821 -1050176451 1105391638
1077201185 1063286461 1126781696 -1040143181 1104355556
1081856366 1064572730 1099710896 1105252804 1103920597
-1064820364 1064527002 1127904434 1116540004 1099908760
-1066710194 1063091029 1122983431 -1058014906 1109381669
1069731234 1064541016 1125365226 1105144440 1077873918
-1068057211 1051913437 1115823507 1114783423 1099853712
1091908203 1060180635 1075725268 1112501646 -1036786185
-1078955022 1028491226 1122499205 1107844689 1099733269
-1097137737 1049042493 1128089606 1112326347 -1061105577
-1064549726 1065325682 1127790404 1102096827 1057335040
1089392282 1043354920 1123599509 -1082555467 -1050789475
-1068557338 1059803641 1126424905 -1029408556 -1055673680
1083556236 1063863487 1084793198 -1040379489 1099770574
-1136992901 1050739994 1118526296 1114109872 1099661137
1004425333 1049006621 1090138185 1118808799 1105411017
1090907181 1062926753 1128565440 1110651347 -1038043666
-1059804042 1054326809 1122847241 -1040028091 1091817514
-1061706964 1037627357 1127944215 -1077124320 -1073158434
1086331749 1030088596 1092656879 -1038147073 -1045458828
-1061248351 1062933654 1124520226 -1036260606 -1110780533
-1062414813 1062524907 1116235274 1105881290 1101720450
1066305261 1051199269 1124656601 1098889407 -1044874103
-1070716525 1064361786 1117309843 -1046048778 1105004455
-1055484967 1049492553 1086602903 -1041555612 1109850073
-1073708868 1049883038 1125459472 -1087050268 1110394491
1084443133 1062965360 1111354642 1094311423 -1036936196
1080254963 1064308900 1110129892 1108783308 -1038280738
1084442678 1062436037 1123946857 1117172983 1091160197
-1056571339 1063735755 1105920846 1103556670 1103918246
-1056029995 1053332350 1128394936 -1030573068 -1040449556
1089618265 1062919625 1104303395 1117536397 1073789259
1060610021 1055393349 1113276697 1114460423 1093225851
1087227830 1055829083 1082357352 -1029178996 1106221171
1083856107 1047336489 1114765168 1118114980 -1046061023
1075198622 1050043956 1124852138 -1035924022 1097895243
1092476323 1059821367 1099464071 -1030066153 1106291131
1074172427 1064549810 1087718145 1118948964 -1068420353
-1061530613 1008445244 1124719575 -1029591313 1100545402
-1088299791 1063810468 1126416406 1112560512 -1059841824
-1061216587 1062164853 1095262175 -1033594286 -1039964510
-1055369793 1054595709 1127421666 1110465113 1106516453
-1055188857 1053129454 1127185226 1068132454 1101491421
1087232141 1058734032 1106817339 -1031865596 1102461726
-1055071558 1043044362 1125022472 -1038831203 -1080431425
-1066175623 1037013376 1103009283 -1047973127 -1066113193
-1062153003 1052082336 1116944845 -1041191802 1104940919
-1068902812 1058065855 1110791615 1114230512 1102754572
1080986851 1049760774 1127410953 1085832228 1097403723
1069252310 1060854331 1121219622 -1029858673 1104187512
-1059788969 1033920825 1115444640 -1035025495 1103535953
1089976153 1027355355 1107983989 -1030461790 -1041702629
1083661787 1038890908 1120946555 -1042559635 1091994543
-1056965129 1059025370 1126016396 -1029688200 -1057747861
1091659338 1036224317 1115746209 1114159670 1109555445
-1062379639 1064449259 1126809733 -1048794123 1108459247
1061551147 1054719013 1126554590 1114307540 1108296106
-1062066626 1059369803 1109351887 1116599647 1101499603
1077679078 1051465014 1125094051 1105808418 -1041818330
-1056179082 1009252371 1123523953 -1059367453 -1038252667
-1058071401 1059675613 1118169010 -1037501982 -1046140242
-1056921145 1057714207 1127086564 1087067856 -1040899952
-1056236783 1059031468 1127915256 -1039736087 -1043778181
1058676465 1052208970 1107967960 1116794251 -1045397268
-1055690494 1046195806 1091356603 -1030626254 -1064555623
1083251102 1064304471 1121847428 1115280349 1102530031
1072091170 1047605471 1121215628 -1030512208 -1065247501
1091562006 1061303977 1125187784 -1047407134 1101992509
1079408802 1058095848 1122056436 1110651331 1109917706
1076264844 1062926868 1123713195 -1034489686 -1051748394
-1059709131 1059725937 1114101311 -1035079113 -1037864940
1026209727 1059985894 1110147708 1079351238 1105131339
1090990362 1057400196 1127071629 -1035364997 1097487673
1091693387 1061703895 1111696632 -1030042480 1096376963
1091337919 1063835667 1120185812 -1028675855 -1044058036
-1072411843 1060188716 1119996788 -1030112910 1108202116
-1071785524 1058223333 1128775689 1115157747 1105996478
-1060368193 1053066899 1107362418 -1046627636 -1038486138
1075517578 1057348836 1110667346 -1032314996 -1046451616
-1068184988 1046795210 1128480295 1101713339 -1036829177
-1062858499 1061384216 1127216045 -1040683554 1104426221
-1061268485 1064404132 1122447500 -1036916041 -1037850379
1081028758 1041406232 1096216479 1100294675 -1039254604
-1097461967 1022810216 1106913745 -1060183881 -1075395431
1079154826 1050484528 1107514924 -1031586825 1104846055
-1070841774 1060116118 1102415409 -1031644700 1108501495
-1054960556 1054689209 1064233693 1110780958 -1038204704
-1062381597 1065007405 1125635760 1087682360 -1077934431
1090156344 1064941876 1127274696 -1032211980 1101390048
1090004782 1061201095 1113242660 1088055271 1102566448
-1067951024 1043301612 1125942112 -1036775946 1103698117
-1057568106 1063827021 1127836402 1116501222 -1053853025
1082917072 1052675099 1116636200 1117690657 1110510725
-1061858052 1057516264 1125469561 -1038745424 1092004303
-1072338058 1061400236 1109818458 -1030833160 -1053598520
1088891199 1053206471 1120424772 -1057536394 1107380416
1070371971 1053763910 1127196574 -1028515230 1088022181
-1056452475 1057877835 1120017853 -1044720105 -1066118573
1089060094 1057680127 1099080326 1117808760 -1046182250
-1062284507 1043374060 1087126697 1116694069 1104073103
-1065284289 1058742504 1113597285 -1036955565 1098224528
-1069307675 1061887000 1126177626 -1032812022 -1050947215
1090762946 1033782135 1121524268 1114336372 -1048058135
1086690603 1021780955 1122153273 -1029021364 1092942076
-1062501403 1055897826 1115166100 -1033527641 1105159346
-1091656522 1058373896 1123771259 1092463864 1109602849
1090270742 1042586183 1123407977 -1060956108 1086017745
1088825655 1052657733 1127294706 -1042145060 1104174996
-1056636373 1058930863 1107687818 -1049635952 1104318553
1085346894 1062979509 1125087640 -1031469791 -1039887708
-1078065961 1048014192 1124015036 1105824881 -1057194885
1088015146 1063194999 1124485506 1106569071 1100692718
-1058239508 1056287344 1110994483 1118009239 1107907417
1089070327 1056393455 1125164114 -1029306904 1089480001
1082147065 1063159092 1100776841 -1074858368 -1038306972
1083811085 1061086223 1084181955 1109949238 1098763954
1092221595 1032921359 1107652989 1111230148 1109844517
-1095569293 1063243223 1101360223 1112108446 1108838807
-1054949902 1040908368 1097080622 1118234392 1098923644
-1059396130 1065241565 1126870188 1113303152 1093995580
-1065045779 1059673711 1107439231 -1080099867 -1054524440
-1056700839 1063896197 1112192207 -1033997024 1091093428
-1069449764 1044602603 1105186491 -1030585695 1090982958
1084448238 1045337917 1127610598 -1033825983 1108418783
-1055149526 1052960011 1128312727 1108744283 -1041659001
1091999860 1053748190 1121525507 1096414215 -1083704362
1081840022 1059410161 1106851088 1102014173 -1037893188
1091868913 1063506800 1124610611 -1050748879 1101180625
1088858309 1048435441 1125820231 -1040712599 -1044209249
-1056594437 1064895323 1125853502 1099466188 1064150721
-1059359581 1034886871 1124579178 -1039113168 1108007737
1085074100 1058042886 1127359227 1093412422 1103945758
1082649216 1060948469 1126626939 -1029959219 1105213765
-1076981625 1051619114 1103627517 -1030978066 -1040139656
1089845376 1064681817 1112024444 -1035249908 -1064038202
1091911473 1061824844 1102551805 1109975004 -1053702695
1053032417 1060879428 1124553836 -1035512063 -1059497408
1073529945 1052699237 1125762309 1102501525 1104584508
-1057673843 1062681981 1127787596 1100156899 1103627658
1059577453 1058853306 1127283811 1099870639 -1047252413
-1058501324 1059475889 1123009980 1072601336 1099606027
-1060999381 1041800554 1114589108 -1045412695 1101115714
1091958307 1053454871 1123519096 -1058485276 1102403970
1080351271 1058792024 1124879676 1115312483 -1039343783
-1061943879 1058001145 1128203643 1096595374 -1055179340
1057158490 1058340648 1119319768 -1041909133 -1055771469
-1056896586 1055508505 1128105989 1103790598 1085752490
1078299389 1059932711 1122227211 -1034123910 1089348073
1090983411 1054318818 1107594492 -1072064945 -1042315240
1086271168 1061586839 1127728247 1108943232 1092653462
-1070308132 1048235462 1101632561 -1034693832 -1042737875
1077164106 1055068718 1084860299 1106629154 1099214998
1082696036 1062189804 1110750995 1108400020 1109384066
-1055227027 1053406219 1123320502 -1050424543 1108404312
1090697684 1041141525 1115835624 -1056942168 -1043330518
1090587160 1062200461 1104918988 -1029608152 -1038590050
-1054973680 1048058577 1124022404 -1029063581 1097518911
1053324638 1062042942 1122800947 -1037750502 1090838926
1091611044 1053050335 1105822697 1101838705 -1040260527
1090714084 1061020537 1123004967 1073895917 -1037072157
1081456052 1059887259 1116156935 1100619002 -1048329386
1087859916 1059109143 1121160497 -1036139102 -1061796821
1068694852 1061436167 1119320871 1119006518 -1056217176
-1065424226 1062304767 1127721511 -1046745093 -1046220994
1090790156 1062341902 1108732155 -1035372689 1102640359
-1072691123 1060038823 1124774497 -1034955733 1106050269
1068851984 1058986035 1127199025 -1037414963 -1043156689
-1080731135 1057856683 1122988859 -1030042642 -1040938138
1050515352 1061675332 1086496620 -1031884451 1108690141
1072766527 1063949561 1125364669 -1036799440 1083814505
-1069117910 1054902084 1119978186 1113568184 1092435747
1084525190 1059126071 1118248580 -1066961240 1089923893
1084986801 1060746873 1105467313 -1039119540 -1048048851
-1060496353 1040812432 1124426007 1118451657 -1048325123
-1056245618 1025693780 1117478644 -1033187809 -1039553154
-1062481249 1056875976 1106610044 1112510330 1109477017
1087785188 1059858739 1104544233 1103044939 1096062422
1086567645 1061821030 1102211682 -1039923255 1098909093
-1073222446 1056161877 1127638527 -1030446034 1095525434
-1062618668 1062567007 1122256857 -1030537211 1107771278
-1073599581 1063253669 1073993859 1103417688 1108709067
1071839357 1019970054 1119326155 -1038188170 1070573502
-1055589255 1062172185 1116204585 -1035852379 1108558040
-1066271425 1051857522 1099308079 1111068912 1107477496
1074259505 1064856081 1106004040 -1039186490 -1037198644
1091518895 1057144074 1117833165 1102422929 1108651474
-1057628737 1056332428 1117474664 -1067419868 -1056815991
1080490686 1052285397 1112744134 -1035793764 -1118923999
-1061101549 1062620233 1117268820 -1030188868 -1053369064
1084173097 1051511354 1110369906 1112306023 -1039126411
-1071165555 1046005095 1121013177 -1043484933 -1044158118
1092238668 1052768983 1113551434 1104428108 -1046929860
-1064214519 1026356068 1113359687 -1035249116 -1050280638
1091213924 1052695717 1118892876 -1040534522 -1045282443
1050270394 1050996219 1110377847 -1046991628 1105519262
-1061577576 1058264412 1118486347 1107816816 -1037170899
1077067103 1063268211 1127787316 -1045933405 1090844166
1087648321 1025063501 1123390262 -1065490164 1109451226
-1056714490 1062961728 1099606307 -1044315733 1107810448
1090153616 1062724024 1105177446 -1043386495 -1046014572
-1058451146 1046484963 1111987063 1068120211 1102267114
1081028400 1053945975 1120012575 -1030234181 1044147168
-1060011127 1042335785 1121972623 1104241450 -1037515119
-1064841056 1051773501 1111565717 -1038579118 1108430643
1068040364 1063879638 1127966424 1112060018 1098959519
-1069850679 1064177979 1117304743 -1038203926 1107920003
-1059295599 1052235066 1119583336 -1072701228 1108485386
1086766725 1050473808 1125574686 -1042555030 -1049162518
-1060235726 1062998525 1121068310 -1028612872 1107838987
1083927277 1060895778 1118497883 -1030284749 -1067808625
1078556233 1062975785 1118130806 1107768892 1082666420
1089984122 1061675598 1113152716 1115706597 1108170826
1080484114 1062539036 1106270608 1113358811 -1044915490
-1068736338 1062652858 1128467955 -1052622707 1102734734
-1063386243 1063930476 1114870655 1116584374 1106897841
-1062693553 1058578657 1125455120 1116088948 -1038000508
1089278910 1062315399 1124647344 1109475898 -1052985998
-1055737374 1064539540 1127592002 -1039847242 -1041359295
-1084100898 1055366353 1126462503 1114042678 1104456242
1089302604 1061248397 1122097004 -1039551956 1104539875
1088702705 1062204212 1125376277 -1028710239 -1043076064
1075173819 1060129302 1118323540 1100645577 1107523569
1082246840 1058087716 1126468933 1111205496 1108753948
-1060071317 1059432180 1128137696 1089759621 -1059940659
1082830673 1038609964 1102568714 1106150284 1089946438
-1069702741 1052459578 1120869700 -1029566764 -1045210277
1084436444 1054851317 1127645166 -1029738681 -1043394945
-1056531081 1053496228 1082981123 -1046414206 1109264422
-1060234259 1058483364 1125722653 -1034026765 1090131841
1085555065 1050888787 1125486605 1115951080 1104847913
-1054944809 1037629468 1120531272 1106912725 -1046117878
1082719040 1057891121 1117015690 1117880435 -1042642365
1068368695 1062683433 1115734687 1118729242 -1042916044
1092505507 1064150812 1123048526 1115688470 1099503239
1078655321 1035509773 1124510924 1096785283 -1036919900
1089046013 1038664112 1122901642 1116961048 1079968738
1088105643 1062999257 1120151237 -1032418406 -1039227177
1078720414 1039475779 1123212356 1116051880 -1046590692
1081040548 1063246950 1083845426 -1051227566 1094625581
-1064171667 1057168753 1095680614 -1039085014 1099661345
1092003014 1059548591 1118407194 -1062412711 1078735232
1086000087 1041082941 1117860246 1106030593 1084405988
1079636469 1040728973 1123635147 1117842996 -1038189847
-1056167866 1063909320 1101291599 1098246690 1099178891
-1068157981 1045668311 1113211175 -1040031458 1080779369
-1064984462 1062207311 1127959170 1118555270 -1072150292
-1081625100 1064434960 1125325307 1063822606 1108496340
1073322570 1057136875 1127496645 -1037601414 1108509987
-1056317119 1051417190 1124737136 1112988179 1103909677
-1077114521 1051998152 1121385906 1103147724 -1094354730
1056592789 1052321584 1125565552 1078680324 1099484764
1076177614 1023907246 1125136720 1111444524 1101628133
-1114352636 1049404229 1075928776 1071261103 -1042610114
1084493962 1064747250 1126050850 -1031355543 1108671559
1084436098 1054274305 1111272000 1114789206 1086777742
1090980050 1064743425 1116811802 1080910244 1102785414
1087615675 1049406335 1108949331 -1031713462 1084730130
1071667982 1045741347 1080644142 1115021817 -1037711745
1081919456 1037964234 1117718005 1108181530 -1043194946
-1082706995 1041587541 1119140480 1107121682 -1047215492
-1076884131 1033351926 1116166111 1114641361 1108555740
-1071992579 1031610579 1124850233 1105410180 -1037806133
-1075987208 1062549568 1125679340 1092747867 1109538911
1088521946 1059301395 1126367489 1102187260 1106862484
1075123714 1063866332 1127346431 1118888205 -1051449160
1083063374 1040109538 1116299875 -1030153261 -1037410599
-1060373954 1059473171 1127657181 -1028426180 -1107760869
-1055835597 1059955075 1102303206 1118676915 -1038487212
-1063523393 1058933456 1058285133 1067383075 -1063991066
-1057886437 1047696599 1107318037 -1058293348 1108076391
1084511384 1063708979 1119142488 1116495370 1101134248
1089665346 1057680205 1127724621 -1038474705 -1039302599
