-13092808
-10727353
-8296105
-5929624
-3562885
-1326704
-7768
-61
-30
-1
-1
-1
-1
-1
-197380
-197380
-11447983
-9213857
-6979474
-4744834
-2509424
-405084
-4166
-45
-16
-1
-1
-1
-1
-1
-197380
-197380
-9737365
-7634824
-5531770
-3494250
-1455962
-7496
-563
-28
-2
-1
-1
-1
-1
-1
-197380
-197380
-7895161
-5989741
-4084065
-2243411
-402499
-3123
-32
-11
-1
-1
-1
-1
-1
-1
-197380
-197380
-6052957
-4344658
-2635847
-927034
-4140
-29
-13
-1
-1
-1
-1
-1
-1
-1
-197380
-197380
-4210753
-2633783
-1122349
-3617
-21
-8
-1
-1
-1
-1
-1
-1
-1
-196609
-197380
-197380
-2302756
-922907
-1810
-9
-1
-1
-1
-1
-1
-1
-1
-1
-1
-197377
-197380
-197380
-394759
-1
-1
-1
-1
-1
-1
-1
-1
-1
-1
-1
-1
-197377
-197380
-197380
-1
-1
-1
-1
-1
-1
-1
-1
-1
-1
-1
-1
-1
-197380
-197380
-197380
-1
-1
-1
-1
-1
-1
-1
-1
-1
-1
-1
-1
-1
-197380
-197380
-197380
-1
-1
-1
-1
-1
-1
-1
-1
-1
-1
-1
-1
-196609
-197380
-197380
-197380
-1
-1
-1
-1
-1
-1
-1
-1
-1
-1
-1
-1
-197377
-197380
-197380
-197380
-1
-1
-1
-1
-1
-1
-1
-1
-1
-1
-1
-197121
-197380
-197380
-197380
-197380
-1
-1
-1
-1
-1
-1
-1
-1
-1
-196609
-197377
-197377
-197380
-197380
-197380
-197380
-1
-1
-1
-1
-1
-1
-1
-196609
-197377
-197377
-197380
-197380
-197380
-197380
-197380
-197380
-65794
-197380
-197380
-197380
-197380
-197380
-197380
-197380
-197380
-197380
-197380
-197380
-197380
-197380
-197380
-197380
