layer 0 vertexCount 536
1082130432
1098907648
-1275068416
-6842473
1061682676
1023393399
0
1082130432
1098907648
1065353216
-6842473
1061682676
939725423
0
1084227584
1098907648
1065353216
-197380
1061159436
939725423
0
1084227584
1098907648
-1275068416
-197380
1061159436
1023393399
0
1084227584
1098907648
0
-197380
1061159436
939725423
0
1084227584
1098907648
1065353216
-197380
1061159436
1023393399
0
1086324736
1098907648
1065353216
-197380
1061682676
1023393399
0
1086324736
1098907648
0
-197380
1061682676
939725423
0
1086324736
1098907648
-1275068416
-197380
1061159436
1023393399
0
1086324736
1098907648
1065353216
-197380
1061159436
939725423
0
1088421888
1098907648
1065353216
-197380
1061682676
939725423
0
1088421888
1098907648
-1275068416
-197380
1061682676
1023393399
0
1088421888
1098907648
-1275068416
-197380
1061159436
1023393399
0
1088421888
1098907648
1065353216
-197380
1061159436
939725423
0
1090519040
1098907648
1065353216
-197380
1061682676
939725423
0
1090519040
1098907648
-1275068416
-197380
1061682676
1023393399
0
1090519040
1098907648
0
-197380
1061159436
939725423
0
1090519040
1098907648
1065353216
-197380
1061159436
1023393399
0
1091567616
1098907648
1065353216
-197380
1061682676
1023393399
196608
1091567616
1098907648
0
-197380
1061682676
939725423
196608
1091567616
1098907648
0
-197380
1061159436
939725423
458752
1091567616
1098907648
1065353216
-197380
1061159436
1023393399
983040
1092616192
1098907648
1065353216
-197380
1061682676
1023393399
1245184
1092616192
1098907648
0
-197380
1061682676
939725423
720896
1092616192
1098907648
0
-197380
1061682676
939725423
720896
1092616192
1098907648
1065353216
-197380
1061682676
1023393399
1245184
1093664768
1098907648
1065353216
-197380
1061159436
1023393399
1245184
1093664768
1098907648
0
-197380
1061159436
939725423
720896
1093664768
1098907648
-1275068416
-197380
1061682676
1023393399
720896
1093664768
1098907648
1065353216
-197380
1061682676
939725423
1245184
1094713344
1098907648
1065353216
-197380
1061159436
939725423
1245184
1094713344
1098907648
-1275068416
-197380
1061159436
1023393399
720896
1094713344
1098907648
0
-197380
1061159436
939725423
720896
1094713344
1098907648
1065353216
-197380
1061159436
1023393399
1245184
1095761920
1098907648
1065353216
-197380
1061682676
1023393399
1245184
1095761920
1098907648
0
-197380
1061682676
939725423
720896
1095761920
1098907648
0
-197380
1061159436
939725423
983040
1095761920
1098907648
1065353216
-197380
1061159436
1023393399
1245184
1096810496
1098907648
1065353216
-197380
1061682676
1023393399
1507328
1096810496
1098907648
0
-197380
1061682676
939725423
1245184
1096810496
1098907648
0
-197380
1051720679
1044383793
1769472
1096810496
1098907648
1065353216
-197380
1050674201
1044383793
1769472
1097859072
1098907648
1065353216
-197380
1050674201
1046476751
2293760
1097859072
1098907648
0
-197380
1051720679
1046476751
2293760
1097859072
1098907648
-1301351240
-460552
1050674201
1046476751
2818048
1097859072
1098907648
1065353216
-460552
1051720679
1046476751
2818048
1098907648
1098907648
1065353216
-460552
1051720679
1044383793
3080192
1098907648
1098907648
-1301351240
-460552
1050674201
1044383793
3080192
1082130432
1098907648
1065353214
-6842473
1061682676
1023393399
0
1082130432
1098907648
1073741824
-6842473
1061682676
939725423
0
1084227584
1098907648
1073741824
-197380
1061159436
939725423
0
1084227584
1098907648
1065353214
-197380
1061159436
1023393399
0
1084227584
1098907648
1065353214
-197380
1061682676
1023393399
0
1084227584
1098907648
1073741824
-197380
1061682676
939725423
0
1086324736
1098907648
1073741824
-197380
1061159436
939725423
0
1086324736
1098907648
1065353214
-197380
1061159436
1023393399
0
1086324736
1098907648
1065353216
-197380
1061682676
939725423
0
1086324736
1098907648
1073741824
-197380
1061682676
1023393399
0
1088421888
1098907648
1073741824
-197380
1061159436
1023393399
0
1088421888
1098907648
1065353216
-197380
1061159436
939725423
0
1088421888
1098907648
1065353216
-197380
1061682676
939725423
0
1088421888
1098907648
1073741824
-197380
1061682676
1023393399
0
1090519040
1098907648
1073741824
-197380
1061159436
1023393399
0
1090519040
1098907648
1065353216
-197380
1061159436
939725423
0
1090519040
1098907648
1065353214
-197380
1061159436
1023393399
0
1090519040
1098907648
1073741824
-197380
1061159436
939725423
0
1091567616
1098907648
1073741824
-197380
1061682676
939725423
983040
1091567616
1098907648
1065353214
-197380
1061682676
1023393399
983040
1091567616
1098907648
1065353214
-197380
1061682676
1023393399
1507328
1091567616
1098907648
1073741824
-197380
1061682676
939725423
2031616
1092616192
1098907648
1073741824
-197380
1061159436
939725423
2293760
1092616192
1098907648
1065353214
-197380
1061159436
1023393399
1769472
1092616192
1098907648
1065353216
-197380
1061682676
939725423
1769472
1092616192
1098907648
1073741824
-197380
1061682676
1023393399
2293760
1093664768
1098907648
1073741824
-197380
1061159436
1023393399
2293760
1093664768
1098907648
1065353216
-197380
1061159436
939725423
1769472
1093664768
1098907648
1065353216
-197380
1061159436
1042286641
1769472
1093664768
1098907648
1073741824
-197380
1061159436
1044379599
2293760
1094713344
1098907648
1073741824
-197380
1061682676
1044379599
2293760
1094713344
1098907648
1065353216
-197380
1061682676
1042286641
1769472
1094713344
1098907648
1065353216
-197380
1061159436
1042286641
1769472
1094713344
1098907648
1073741824
-197380
1061159436
1044379599
2293760
1095761920
1098907648
1073741824
-197380
1061682676
1044379599
2293760
1095761920
1098907648
1065353216
-197380
1061682676
1042286641
1769472
1095761920
1098907648
1065353216
-197380
1061159436
1042286641
1769472
1095761920
1098907648
1073741824
-197380
1061159436
1044379599
2293760
1096810496
1098907648
1073741824
-197380
1061682676
1044379599
2293760
1096810496
1098907648
1065353216
-197380
1061682676
1042286641
1769472
1096810496
1098907648
1065353216
-460552
1050674201
1046476751
2031616
1096810496
1098907648
1073741824
-460552
1051720679
1046476751
2293760
1097859072
1098907648
1073741824
-460552
1051720679
1044383793
2555904
1097859072
1098907648
1065353216
-460552
1050674201
1044383793
2293760
1097859072
1098907648
1065353216
-197380
1050674201
1044383793
2818048
1097859072
1098907648
1073741824
-197380
1050674201
1046476751
2818048
1098907648
1098907648
1073741824
-197380
1051720679
1046476751
3080192
1098907648
1098907648
1065353216
-197380
1051720679
1044383793
3080192
1082130432
1098907648
1073741824
-6842473
1061159436
1035997282
0
1082130432
1098907648
1077936128
-6842473
1061159436
1040183198
2031616
1084227584
1098907648
1077936128
-197380
1061682676
1040183198
2031616
1084227584
1098907648
1073741824
-197380
1061682676
1035997282
0
1084227584
1098907648
1073741824
-197380
1061159436
1035997282
0
1084227584
1098907648
1077936128
-197380
1061159436
1040183198
0
1086324736
1098907648
1077936128
-197380
1061682676
1040183198
0
1086324736
1098907648
1073741824
-197380
1061682676
1035997282
0
1086324736
1098907648
1073741824
-197380
1061159436
1035997282
0
1086324736
1098907648
1077936128
-197380
1061159436
1040183198
0
1088421888
1098907648
1077936128
-197380
1061682676
1040183198
0
1088421888
1098907648
1073741824
-197380
1061682676
1035997282
0
1088421888
1098907648
1073741824
-197380
1061159436
1035997282
0
1088421888
1098907648
1077936128
-197380
1061159436
1040183198
0
1090519040
1098907648
1077936128
-197380
1061682676
1040183198
0
1090519040
1098907648
1073741824
-197380
1061682676
1035997282
0
1090519040
1098907648
1073741824
-197380
1061159436
1035997282
0
1090519040
1098907648
1077936128
-197380
1061159436
1040183198
0
1091567616
1098907648
1077936128
-197380
1061682676
1040183198
2031616
1091567616
1098907648
1073741824
-197380
1061682676
1035997282
2031616
1091567616
1098907648
1073741824
-197380
1061159436
1035997282
2555904
1091567616
1098907648
1077936128
-197380
1061159436
1040183198
2818048
1092616192
1098907648
1077936128
-197380
1061682676
1040183198
3080192
1092616192
1098907648
1073741824
-197380
1061682676
1035997282
2818048
1092616192
1098907648
1073741824
-197380
1061159436
1035997282
2818048
1092616192
1098907648
1077936128
-197380
1061159436
1040183198
3080192
1093664768
1098907648
1077936128
-197380
1061682676
1040183198
3080192
1093664768
1098907648
1073741824
-197380
1061682676
1035997282
2818048
1093664768
1098907648
1073741824
-197380
1061159436
1042286641
2818048
1093664768
1098907648
1077936128
-197380
1061159436
1044379599
3080192
1094713344
1098907648
1077936128
-197380
1061682676
1044379599
3080192
1094713344
1098907648
1073741824
-197380
1061682676
1042286641
2818048
1094713344
1098907648
1073741824
-197380
1061159436
1042286641
2818048
1094713344
1098907648
1077936128
-197380
1061159436
1044379599
3080192
1095761920
1098907648
1077936128
-197380
1061682676
1044379599
3080192
1095761920
1098907648
1073741824
-197380
1061682676
1042286641
2818048
1095761920
1098907648
1073741824
-197380
1061159436
1042286641
2818048
1095761920
1098907648
1077936128
-197380
1061159436
1044379599
3080192
1096810496
1098907648
1077936128
-197380
1061682676
1044379599
3080192
1096810496
1098907648
1073741824
-197380
1061682676
1042286641
2818048
1096810496
1098907648
1073741824
-197380
1051720679
1044383793
2818048
1096810496
1098907648
1077936128
-197380
1050674201
1044383793
3080192
1097859072
1098907648
1077936128
-197380
1050674201
1046476751
3080192
1097859072
1098907648
1073741824
-197380
1051720679
1046476751
2818048
1097859072
1098907648
1073741824
-460552
1050674201
1046476751
3080192
1097859072
1098907648
1077936128
-460552
1051720679
1046476751
3080192
1098907648
1098907648
1077936128
-460552
1051720679
1044383793
3080192
1098907648
1098907648
1073741824
-460552
1050674201
1044383793
3080192
1082130432
1098907648
1077936128
-6842473
1061159436
1035997282
2555904
1082130432
1098907648
1082130432
-6842473
1061159436
1040183198
2818048
1084227584
1098907648
1082130432
-197380
1061682676
1040183198
2818048
1084227584
1098907648
1077936128
-197380
1061682676
1035997282
2555904
1084227584
1098907648
1077936128
-197380
1061159436
1035997282
2031616
1084227584
1098907648
1082130432
-197380
1061159436
1040183198
2555904
1086324736
1098907648
1082130432
-197380
1061682676
1040183198
2031616
1086324736
1098907648
1077936128
-197380
1061682676
1035997282
0
1086324736
1098907648
1077936128
-197380
1061159436
1035997282
0
1086324736
1098907648
1082130432
-197380
1061159436
1040183198
2031616
1088421888
1098907648
1082130432
-197380
1061682676
1040183198
2031616
1088421888
1098907648
1077936128
-197380
1061682676
1035997282
0
1088421888
1098907648
1077936128
-197380
1061159436
1035997282
0
1088421888
1098907648
1082130432
-197380
1061159436
1040183198
0
1090519040
1098907648
1082130432
-197380
1061682676
1040183198
0
1090519040
1098907648
1077936128
-197380
1061682676
1035997282
0
1090519040
1098907648
1077936128
-197380
1061159436
1035997282
0
1090519040
1098907648
1082130432
-197380
1061159436
1040183198
0
1091567616
1098907648
1082130432
-197380
1061682676
1040183198
2031616
1091567616
1098907648
1077936128
-197380
1061682676
1035997282
2031616
1091567616
1098907648
1077936128
-197380
1061159436
1035997282
2818048
1091567616
1098907648
1082130432
-197380
1061159436
1040183198
2818048
1092616192
1098907648
1082130432
-197380
1061682676
1040183198
3080192
1092616192
1098907648
1077936128
-197380
1061682676
1035997282
3080192
1092616192
1098907648
1077936128
-197380
1061159436
1035997282
3080192
1092616192
1098907648
1082130432
-197380
1061159436
1040183198
3080192
1093664768
1098907648
1082130432
-197380
1061682676
1040183198
3080192
1093664768
1098907648
1077936128
-197380
1061682676
1035997282
3080192
1093664768
1098907648
1077936128
-197380
1061159436
1042286641
3080192
1093664768
1098907648
1082130432
-197380
1061159436
1044379599
3080192
1094713344
1098907648
1082130432
-197380
1061682676
1044379599
3080192
1094713344
1098907648
1077936128
-197380
1061682676
1042286641
3080192
1094713344
1098907648
1077936128
-197380
1061159436
1042286641
3080192
1094713344
1098907648
1082130432
-197380
1061159436
1044379599
3080192
1095761920
1098907648
1082130432
-197380
1061682676
1044379599
3080192
1095761920
1098907648
1077936128
-197380
1061682676
1042286641
3080192
1095761920
1098907648
1077936128
-460552
1050674201
1046476751
3080192
1095761920
1098907648
1082130432
-460552
1051720679
1046476751
3080192
1096810496
1098907648
1082130432
-460552
1051720679
1044383793
3080192
1096810496
1098907648
1077936128
-460552
1050674201
1044383793
3080192
1096810496
1098907648
1077936128
-197380
1051720679
1044383793
3080192
1096810496
1098907648
1082130432
-197380
1050674201
1044383793
3080192
1097859072
1098907648
1082130432
-197380
1050674201
1046476751
3080192
1097859072
1098907648
1077936128
-197380
1051720679
1046476751
3080192
1097859072
1098907648
1077936128
-460552
1050674201
1046476751
3080192
1097859072
1098907648
1082130432
-460552
1051720679
1046476751
3080192
1098907648
1098907648
1082130432
-460552
1051720679
1044383793
3080192
1098907648
1098907648
1077936128
-460552
1050674201
1044383793
3080192
1082130432
1098907648
1082130432
-6842473
1061682676
939725423
2818048
1082130432
1098907648
1084227584
-6842473
1061682676
1023393399
2818048
1084227584
1098907648
1084227584
-197380
1061159436
1023393399
3080192
1084227584
1098907648
1082130432
-197380
1061159436
939725423
3080192
1084227584
1098907648
1082130432
-197380
1061159436
1035997282
2818048
1084227584
1098907648
1084227584
-197380
1061159436
1040183198
3080192
1086324736
1098907648
1084227584
-197380
1061682676
1040183198
3080192
1086324736
1098907648
1082130432
-197380
1061682676
1035997282
2818048
1086324736
1098907648
1082130432
-197380
1061159436
1035997282
2818048
1086324736
1098907648
1084227584
-197380
1061159436
1040183198
3080192
1088421888
1098907648
1084227584
-197380
1061682676
1040183198
2818048
1088421888
1098907648
1082130432
-197380
1061682676
1035997282
2555904
1088421888
1098907648
1082130432
-197380
1061159436
1035997282
2031616
1088421888
1098907648
1084227584
-197380
1061159436
1040183198
2555904
1090519040
1098907648
1084227584
-197380
1061682676
1040183198
2031616
1090519040
1098907648
1082130432
-197380
1061682676
1035997282
0
1090519040
1098907648
1082130432
-197380
1061159436
1035997282
0
1090519040
1098907648
1084227584
-197380
1061159436
1040183198
0
1091567616
1098907648
1084227584
-197380
1061682676
1040183198
2031616
1091567616
1098907648
1082130432
-197380
1061682676
1035997282
2031616
1091567616
1098907648
1082130432
-197380
1061159436
1023418565
2818048
1091567616
1098907648
1084227584
-197380
1061159436
1031790396
2818048
1092616192
1098907648
1084227584
-197380
1061682676
1031790396
3080192
1092616192
1098907648
1082130432
-197380
1061682676
1023418565
3080192
1092616192
1098907648
1082130432
-197380
1061159436
1023418565
3080192
1092616192
1098907648
1084227584
-197380
1061159436
1031790396
3080192
1093664768
1098907648
1084227584
-197380
1061682676
1031790396
3080192
1093664768
1098907648
1082130432
-197380
1061682676
1023418565
3080192
1093664768
1098907648
1082130432
-197380
1061159436
1023418565
3080192
1093664768
1098907648
1084227584
-197380
1061159436
1031790396
3080192
1094713344
1098907648
1084227584
-197380
1061682676
1031790396
3080192
1094713344
1098907648
1082130432
-197380
1061682676
1023418565
3080192
1094713344
1098907648
1082130432
-197380
1061159436
1042286641
3080192
1094713344
1098907648
1084227584
-197380
1061159436
1044379599
3080192
1095761920
1098907648
1084227584
-197380
1061682676
1044379599
3080192
1095761920
1098907648
1082130432
-197380
1061682676
1042286641
3080192
1095761920
1098907648
1082130432
-197380
1051720679
1044383793
3080192
1095761920
1098907648
1084227584
-197380
1050674201
1044383793
3080192
1096810496
1098907648
1084227584
-197380
1050674201
1046476751
3080192
1096810496
1098907648
1082130432
-197380
1051720679
1046476751
3080192
1096810496
1098907648
1082130432
-197380
1051720679
1046476751
3080192
1096810496
1098907648
1084227584
-197380
1051720679
1044383793
3080192
1097859072
1098907648
1084227584
-197380
1050674201
1044383793
3080192
1097859072
1098907648
1082130432
-197380
1050674201
1046476751
3080192
1097859072
1098907648
1082130432
-197380
1051720679
1044383793
3080192
1097859072
1098907648
1084227584
-197380
1050674201
1044383793
3080192
1098907648
1098907648
1084227584
-197380
1050674201
1046476751
3080192
1098907648
1098907648
1082130432
-197380
1051720679
1046476751
3080192
1082130432
1098907648
1084227584
-6842473
1061159436
1023393399
2818048
1082130432
1098907648
1086324736
-6842473
1061159436
939725423
2818048
1084227584
1098907648
1086324736
-197380
1061682676
939725423
3080192
1084227584
1098907648
1084227584
-197380
1061682676
1023393399
3080192
1084227584
1098907648
1084227584
-197380
1061682676
1023393399
3080192
1084227584
1098907648
1086324736
-197380
1061682676
939725423
3080192
1086324736
1098907648
1086324736
-197380
1061159436
939725423
3080192
1086324736
1098907648
1084227584
-197380
1061159436
1023393399
3080192
1086324736
1098907648
1084227584
-197380
1061159436
1035997282
3080192
1086324736
1098907648
1086324736
-197380
1061159436
1040183198
3080192
1088421888
1098907648
1086324736
-197380
1061682676
1040183198
3080192
1088421888
1098907648
1084227584
-197380
1061682676
1035997282
3080192
1088421888
1098907648
1084227584
-197380
1061159436
1035997282
2818048
1088421888
1098907648
1086324736
-197380
1061159436
1040183198
3080192
1090519040
1098907648
1086324736
-197380
1061682676
1040183198
2818048
1090519040
1098907648
1084227584
-197380
1061682676
1035997282
2555904
1090519040
1098907648
1084227584
-197380
1061159436
1035997282
2031616
1090519040
1098907648
1086324736
-197380
1061159436
1040183198
2555904
1091567616
1098907648
1086324736
-197380
1061682676
1040183198
2555904
1091567616
1098907648
1084227584
-197380
1061682676
1035997282
2031616
1091567616
1098907648
1084227584
-197380
1061159436
1023418565
2818048
1091567616
1098907648
1086324736
-197380
1061159436
1031790396
2818048
1092616192
1098907648
1086324736
-197380
1061682676
1031790396
3080192
1092616192
1098907648
1084227584
-197380
1061682676
1023418565
3080192
1092616192
1098907648
1084227584
-197380
1061159436
1023418565
3080192
1092616192
1098907648
1086324736
-197380
1061159436
1031790396
3080192
1093664768
1098907648
1086324736
-197380
1061682676
1031790396
3080192
1093664768
1098907648
1084227584
-197380
1061682676
1023418565
3080192
1093664768
1098907648
1084227584
-197380
1061159436
1023418565
3080192
1093664768
1098907648
1086324736
-197380
1061159436
1031790396
3080192
1094713344
1098907648
1086324736
-197380
1061682676
1031790396
3080192
1094713344
1098907648
1084227584
-197380
1061682676
1023418565
3080192
1094713344
1098907648
1084227584
-197380
1061159436
1035997282
3080192
1094713344
1098907648
1086324736
-197380
1061159436
1040183198
3080192
1095761920
1098907648
1086324736
-197380
1061682676
1040183198
3080192
1095761920
1098907648
1084227584
-197380
1061682676
1035997282
3080192
1095761920
1098907648
1084227584
-197380
1051720679
1046476751
3080192
1095761920
1098907648
1086324736
-197380
1051720679
1044383793
3080192
1096810496
1098907648
1086324736
-197380
1050674201
1044383793
3080192
1096810496
1098907648
1084227584
-197380
1050674201
1046476751
3080192
1096810496
1098907648
1084227584
-460552
1050674201
1046476751
3080192
1096810496
1098907648
1086324736
-460552
1051720679
1046476751
3080192
1097859072
1098907648
1086324736
-460552
1051720679
1044383793
3080192
1097859072
1098907648
1084227584
-460552
1050674201
1044383793
3080192
1097859072
1098907648
1084227584
-197380
1051720679
1044383793
3080192
1097859072
1098907648
1086324736
-197380
1050674201
1044383793
3080192
1098907648
1098907648
1086324736
-197380
1050674201
1046476751
3080192
1098907648
1098907648
1084227584
-197380
1051720679
1046476751
3080192
1082130432
1098907648
1086324736
-6842473
1061159436
1023393399
2818048
1082130432
1098907648
1088421888
-6842473
1061159436
939725423
2818048
1084227584
1098907648
1088421888
-197380
1061682676
939725423
3080192
1084227584
1098907648
1086324736
-197380
1061682676
1023393399
3080192
1084227584
1098907648
1086324736
-197380
1061682676
939725423
3080192
1084227584
1098907648
1088421888
-197380
1061682676
1023393399
3080192
1086324736
1098907648
1088421888
-197380
1061159436
1023393399
3080192
1086324736
1098907648
1086324736
-197380
1061159436
939725423
3080192
1086324736
1098907648
1086324736
-197380
1061682676
939725423
3080192
1086324736
1098907648
1088421888
-197380
1061682676
1023393399
3080192
1088421888
1098907648
1088421888
-197380
1061159436
1023393399
3080192
1088421888
1098907648
1086324736
-197380
1061159436
939725423
3080192
1088421888
1098907648
1086324736
-197380
1061159436
1023393399
3080192
1088421888
1098907648
1088421888
-197380
1061159436
939725423
3080192
1090519040
1098907648
1088421888
-197380
1061682676
939725423
3080192
1090519040
1098907648
1086324736
-197380
1061682676
1023393399
3080192
1090519040
1098907648
1086324736
-197380
1061159436
1023393399
2818048
1090519040
1098907648
1088421888
-197380
1061159436
939725423
3080192
1091567616
1098907648
1088421888
-197380
1061682676
939725423
3080192
1091567616
1098907648
1086324736
-197380
1061682676
1023393399
2818048
1091567616
1098907648
1086324736
-197380
1061682676
1023393399
3080192
1091567616
1098907648
1088421888
-197380
1061682676
939725423
3080192
1092616192
1098907648
1088421888
-197380
1061159436
939725423
3080192
1092616192
1098907648
1086324736
-197380
1061159436
1023393399
3080192
1092616192
1098907648
1086324736
-197380
1061159436
1023393399
3080192
1092616192
1098907648
1088421888
-197380
1061159436
939725423
3080192
1093664768
1098907648
1088421888
-197380
1061682676
939725423
3080192
1093664768
1098907648
1086324736
-197380
1061682676
1023393399
3080192
1093664768
1098907648
1086324736
-197380
1061682676
939725423
3080192
1093664768
1098907648
1088421888
-197380
1061682676
1023393399
3080192
1094713344
1098907648
1088421888
-197380
1061159436
1023393399
3080192
1094713344
1098907648
1086324736
-197380
1061159436
939725423
3080192
1094713344
1098907648
1086324736
-197380
1051720679
1046476751
3080192
1094713344
1098907648
1088421888
-197380
1051720679
1044383793
3080192
1095761920
1098907648
1088421888
-197380
1050674201
1044383793
3080192
1095761920
1098907648
1086324736
-197380
1050674201
1046476751
3080192
1095761920
1098907648
1086324736
-460552
1050674201
1046476751
3080192
1095761920
1098907648
1088421888
-460552
1051720679
1046476751
3080192
1096810496
1098907648
1088421888
-460552
1051720679
1044383793
3080192
1096810496
1098907648
1086324736
-460552
1050674201
1044383793
3080192
1096810496
1098907648
1086324736
-460552
1050674201
1046476751
3080192
1096810496
1098907648
1088421888
-460552
1051720679
1046476751
3080192
1097859072
1098907648
1088421888
-460552
1051720679
1044383793
3080192
1097859072
1098907648
1086324736
-460552
1050674201
1044383793
3080192
1097859072
1098907648
1086324736
-197380
1050674201
1044383793
3080192
1097859072
1098907648
1088421888
-197380
1050674201
1046476751
3080192
1098907648
1098907648
1088421888
-197380
1051720679
1046476751
3080192
1098907648
1098907648
1086324736
-197380
1051720679
1044383793
3080192
1082130432
1098907648
1088421888
-6842473
1061159436
1023393399
2818048
1082130432
1098907648
1090519040
-6842473
1061159436
939725423
2818048
1084227584
1098907648
1090519040
-197380
1061682676
939725423
3080192
1084227584
1098907648
1088421888
-197380
1061682676
1023393399
3080192
1084227584
1098907648
1088421888
-197380
1061682676
1023393399
3080192
1084227584
1098907648
1090519040
-197380
1061682676
939725423
3080192
1086324736
1098907648
1090519040
-197380
1061159436
939725423
3080192
1086324736
1098907648
1088421888
-197380
1061159436
1023393399
3080192
1086324736
1098907648
1088421888
-197380
1061159436
1023393399
3080192
1086324736
1098907648
1090519040
-197380
1061159436
939725423
3080192
1088421888
1098907648
1090519040
-197380
1061682676
939725423
3080192
1088421888
1098907648
1088421888
-197380
1061682676
1023393399
3080192
1088421888
1098907648
1088421888
-197380
1061682676
1023393399
3080192
1088421888
1098907648
1090519040
-197380
1061682676
939725423
3080192
1090519040
1098907648
1090519040
-197380
1061159436
939725423
3080192
1090519040
1098907648
1088421888
-197380
1061159436
1023393399
3080192
1090519040
1098907648
1088421888
-197380
1061682676
939725423
3080192
1090519040
1098907648
1090519040
-197380
1061682676
1023393399
3080192
1091567616
1098907648
1090519040
-197380
1061159436
1023393399
3080192
1091567616
1098907648
1088421888
-197380
1061159436
939725423
3080192
1091567616
1098907648
1088421888
-197380
1061682676
939725423
3080192
1091567616
1098907648
1090519040
-197380
1061682676
1023393399
3080192
1092616192
1098907648
1090519040
-197380
1061159436
1023393399
3080192
1092616192
1098907648
1088421888
-197380
1061159436
939725423
3080192
1092616192
1098907648
1088421888
-197380
1061682676
939725423
3080192
1092616192
1098907648
1090519040
-197380
1061682676
1023393399
3080192
1093664768
1098907648
1090519040
-197380
1061159436
1023393399
3080192
1093664768
1098907648
1088421888
-197380
1061159436
939725423
3080192
1093664768
1098907648
1088421888
-197380
1061159436
1023393399
3080192
1093664768
1098907648
1090519040
-197380
1061159436
939725423
3080192
1094713344
1098907648
1090519040
-197380
1061682676
939725423
3080192
1094713344
1098907648
1088421888
-197380
1061682676
1023393399
3080192
1094713344
1098907648
1088421888
-197380
1051720679
1046476751
3080192
1094713344
1098907648
1090519040
-197380
1051720679
1044383793
3080192
1095761920
1098907648
1090519040
-197380
1050674201
1044383793
3080192
1095761920
1098907648
1088421888
-197380
1050674201
1046476751
3080192
1095761920
1098907648
1088421888
-197380
1051720679
1046476751
3080192
1095761920
1098907648
1090519040
-197380
1051720679
1044383793
3080192
1096810496
1098907648
1090519040
-197380
1050674201
1044383793
3080192
1096810496
1098907648
1088421888
-197380
1050674201
1046476751
3080192
1096810496
1098907648
1088421888
-197380
1051720679
1044383793
3080192
1096810496
1098907648
1090519040
-197380
1050674201
1044383793
3080192
1097859072
1098907648
1090519040
-197380
1050674201
1046476751
3080192
1097859072
1098907648
1088421888
-197380
1051720679
1046476751
3080192
1097859072
1098907648
1088421888
-197380
1051720679
1044383793
3080192
1097859072
1098907648
1090519040
-197380
1050674201
1044383793
3080192
1098907648
1098907648
1090519040
-197380
1050674201
1046476751
3866624
1098907648
1098907648
1088421888
-197380
1051720679
1046476751
3866624
1082130432
1098907648
1090519040
-6842473
1060110860
1035997282
2818048
1082130432
1098907648
1091567616
-10132123
1060110860
1040183198
2555904
1084227584
1098907648
1091567616
-6842473
1060634100
1040183198
2818048
1084227584
1098907648
1090519040
-197380
1060634100
1035997282
3080192
1084227584
1098907648
1090519040
-197380
1061159436
939725423
3080192
1084227584
1098907648
1091567616
-6842473
1061159436
1023393399
2818048
1086324736
1098907648
1091567616
-6842473
1061682676
1023393399
2818048
1086324736
1098907648
1090519040
-197380
1061682676
939725423
3080192
1086324736
1098907648
1090519040
-197380
1061682676
939725423
3080192
1086324736
1098907648
1091567616
-6842473
1061682676
1023393399
2818048
1088421888
1098907648
1091567616
-6842473
1061159436
1023393399
2818048
1088421888
1098907648
1090519040
-197380
1061159436
939725423
3080192
1088421888
1098907648
1090519040
-197380
1061682676
1023393399
3080192
1088421888
1098907648
1091567616
-6842473
1061682676
939725423
2818048
1090519040
1098907648
1091567616
-6842473
1061159436
939725423
2818048
1090519040
1098907648
1090519040
-197380
1061159436
1023393399
3080192
1090519040
1098907648
1090519040
-197380
1061159436
939725423
3080192
1090519040
1098907648
1091567616
-6842473
1061159436
1023393399
2818048
1091567616
1098907648
1091567616
-6842473
1061682676
1023393399
2818048
1091567616
1098907648
1090519040
-197380
1061682676
939725423
3080192
1091567616
1098907648
1090519040
-197380
1061159436
1023393399
3080192
1091567616
1098907648
1091567616
-6842473
1061159436
939725423
2818048
1092616192
1098907648
1091567616
-6842473
1061682676
939725423
2818048
1092616192
1098907648
1090519040
-197380
1061682676
1023393399
3080192
1092616192
1098907648
1090519040
-197380
1061682676
939725423
3080192
1092616192
1098907648
1091567616
-6842473
1061682676
1023393399
2818048
1093664768
1098907648
1091567616
-6842473
1061159436
1023393399
2818048
1093664768
1098907648
1090519040
-197380
1061159436
939725423
3080192
1093664768
1098907648
1090519040
-197380
1061159436
1023393399
3080192
1093664768
1098907648
1091567616
-6842473
1061159436
939725423
2818048
1094713344
1098907648
1091567616
-6842473
1061682676
939725423
2818048
1094713344
1098907648
1090519040
-197380
1061682676
1023393399
3080192
1094713344
1098907648
1090519040
-460552
1050674201
1046476751
3080192
1094713344
1098907648
1091567616
-6974059
1051720679
1046476751
2818048
1095761920
1098907648
1091567616
-6974059
1051720679
1044383793
2818048
1095761920
1098907648
1090519040
-460552
1050674201
1044383793
3080192
1095761920
1098907648
1090519040
-197380
1050674201
1044383793
3080192
1095761920
1098907648
1091567616
-6842473
1050674201
1046476751
2818048
1096810496
1098907648
1091567616
-3487030
1051720679
1046476751
2818048
1096810496
1098907648
1090519040
-197380
1051720679
1044383793
3080192
1096810496
1098907648
1090519040
-197380
1051720679
1044383793
3080192
1096810496
1098907648
1091567616
-3487030
1050674201
1044383793
3080192
1097859072
1098907648
1091567616
-197380
1050674201
1046476751
3080192
1097859072
1098907648
1090519040
-197380
1051720679
1046476751
3080192
1097859072
1098907648
1090519040
-197380
1051720679
1044383793
3080192
1097859072
1098907648
1091567616
-197380
1050674201
1044383793
3080192
1098907648
1098907648
1091567616
-197380
1050674201
1046476751
4718592
1098907648
1098907648
1090519040
-197380
1051720679
1046476751
4718592
0
1098907648
1091567616
-460552
1059586572
1055914983
12517376
0
1098907648
1092616192
-460552
1060109812
1055914983
14090240
1065353216
1098907648
1092616192
-3684409
1060109812
1054868505
12976128
1065353216
1098907648
1091567616
-6974059
1059586572
1054868505
11403264
1096810496
1098907648
1091567616
-3487030
1051720679
1044383793
2818048
1096810496
1098907648
1092616192
-3487030
1050674201
1044383793
6029312
1097859072
1098907648
1092616192
-197380
1050674201
1046476751
6291456
1097859072
1098907648
1091567616
-197380
1051720679
1046476751
3080192
1097859072
1098907648
1091567616
-460552
1050674201
1046476751
3145728
1097859072
1098907648
1092616192
-460552
1051720679
1046476751
6291456
1098907648
1098907648
1092616192
-460552
1051720679
1044383793
8650752
1098907648
1098907648
1091567616
-460552
1050674201
1044383793
5505024
0
1098907648
1092616192
-460552
1059586572
1055914983
14876672
0
1098907648
1093664768
-394759
1060109812
1055914983
15663104
1065353216
1098907648
1093664768
-460552
1060109812
1054868505
14876672
1065353216
1098907648
1092616192
-3684409
1059586572
1054868505
14090240
1065353216
1098907648
1092616192
-3487030
1060109812
1054868505
13041664
1065353216
1098907648
1093664768
-197380
1059586572
1054868505
14090240
1073741824
1098907648
1093664768
-6842473
1059586572
1055914983
13041664
1073741824
1098907648
1092616192
-10132123
1060109812
1055914983
11993088
0
1098907648
1093664768
-197380
1059586572
1054868505
15663104
0
1098907648
1094713344
-131587
1059586572
1055914983
15663104
1065353216
1098907648
1094713344
-197380
1060109812
1055914983
15663104
1065353216
1098907648
1093664768
-197380
1060109812
1054868505
15663104
0
1098907648
1093664768
-8553091
1059586572
1054868505
13107200
0
1097859072
1093664768
-12698050
1059586572
1055914983
11993088
0
1097859072
1094713344
-10592674
1060109812
1055914983
13565952
0
1098907648
1094713344
-6447715
1060109812
1054868505
14876672
1065353216
1098907648
1093664768
-460552
1059586572
1055914983
14876672
1065353216
1098907648
1094713344
-460552
1060109812
1055914983
15663104
1073741824
1098907648
1094713344
-3684409
1060109812
1054868505
15335424
1073741824
1098907648
1093664768
-6974059
1059586572
1054868505
14548992
0
1098907648
1094713344
-131587
1060109812
1054868505
15663104
0
1098907648
1095761920
-131587
1059586572
1054868505
15663104
1065353216
1098907648
1095761920
-197380
1059586572
1055914983
15663104
1065353216
1098907648
1094713344
-197380
1060109812
1055914983
15663104
0
1098907648
1094713344
-6447715
1059586572
1054868505
14942208
0
1097859072
1094713344
-10592674
1059586572
1055914983
14614528
0
1097859072
1095761920
-10592674
1060109812
1055914983
15138816
0
1098907648
1095761920
-6447715
1060109812
1054868505
15663104
1065353216
1098907648
1094713344
-197380
1059586572
1054868505
15663104
1065353216
1098907648
1095761920
-197380
1059586572
1055914983
15663104
1073741824
1098907648
1095761920
-197380
1060109812
1055914983
15663104
1073741824
1098907648
1094713344
-3487030
1060109812
1054868505
15400960
1073741824
1098907648
1094713344
-3487030
1060109812
1055914983
15400960
1073741824
1098907648
1095761920
-197380
1060109812
1054868505
15663104
1077936128
1098907648
1095761920
-6842473
1059586572
1054868505
15138816
1077936128
1098907648
1094713344
-10132123
1059586572
1055914983
15073280
0
1098907648
1095761920
-394759
1059586572
1055914983
15663104
0
1098907648
1096810496
-394759
1060109812
1055914983
15663104
1065353216
1098907648
1096810496
-394759
1060109812
1054868505
15663104
1065353216
1098907648
1095761920
-460552
1059586572
1054868505
15663104
0
1098907648
1096810496
-3158065
1059586572
1054868505
15663104
0
1097859072
1096810496
-8618884
1059586572
1055914983
15138816
1065353215
1097859072
1096810496
-11316397
1060109812
1055914983
15073280
1065353215
1098907648
1096810496
-5855578
1060109812
1054868505
15400960
0
1098907648
1095761920
-6447715
1059586572
1054868505
15663104
0
1097859072
1095761920
-10592674
1059586572
1055914983
15138816
0
1097859072
1096810496
-10592674
1060109812
1055914983
15138816
0
1098907648
1096810496
-6447715
1060109812
1054868505
15663104
1065353216
1098907648
1095761920
-197380
1060109812
1054868505
15663104
1065353216
1098907648
1096810496
-197380
1059586572
1054868505
15663104
1073741824
1098907648
1096810496
-197380
1059586572
1055914983
15663104
1073741824
1098907648
1095761920
-197380
1060109812
1055914983
15663104
1073741824
1098907648
1095761920
-460552
1059586572
1055914983
15663104
1073741824
1098907648
1096810496
-460552
1060109812
1055914983
15663104
1077936128
1098907648
1096810496
-6974059
1060109812
1054868505
15073280
1077936128
1098907648
1095761920
-6974059
1059586572
1054868505
15073280
0
1097859072
1096810496
-3487030
1060109812
1054868505
15400960
0
1097859072
1097859072
-197380
1059586572
1054868505
15663104
1065353216
1097859072
1097859072
-6842473
1059586572
1055914983
15138816
1065353216
1097859072
1096810496
-10132123
1060109812
1055914983
15073280
1065353216
1098907648
1096810496
-197380
1059586572
1054868505
15663104
1065353216
1098907648
1097859072
-131587
1059586572
1055914983
15663104
1073741824
1098907648
1097859072
-197380
1060109812
1055914983
15663104
1073741824
1098907648
1096810496
-197380
1060109812
1054868505
15663104
1065353216
1098907648
1096810496
-8553091
1059586572
1054868505
15400960
1065353216
1097859072
1096810496
-12698050
1059586572
1055914983
15073280
1065353216
1097859072
1097859072
-10592674
1060109812
1055914983
15138816
1065353216
1098907648
1097859072
-6447715
1060109812
1054868505
15663104
1073741824
1098907648
1096810496
-197380
1059586572
1054868505
15663104
1073741824
1098907648
1097859072
-197380
1059586572
1055914983
15663104
1077936128
1098907648
1097859072
-3487030
1060109812
1055914983
15400960
1077936128
1098907648
1096810496
-6842473
1060109812
1054868505
15138816
0
1097859072
1097859072
-197380
1060109812
1054868505
15663104
0
1097859072
1098907648
-197380
1059586572
1054868505
14876672
1065353216
1097859072
1098907648
-6842473
1059586572
1055914983
14614528
1065353216
1097859072
1097859072
-6842473
1060109812
1055914983
15138816
1065353216
1098907648
1097859072
-131587
1060109812
1054868505
15663104
1065353216
1098907648
1098907648
-131587
1059586572
1054868505
15663104
1073741824
1098907648
1098907648
-197380
1059586572
1055914983
15663104
1073741824
1098907648
1097859072
-197380
1060109812
1055914983
15663104
1065353216
1098907648
1097859072
-6447715
1059586572
1054868505
15663104
1065353216
1097859072
1097859072
-10592674
1059586572
1055914983
15138816
1065353216
1097859072
1098907648
-10592674
1060109812
1055914983
14614528
1065353216
1098907648
1098907648
-6447715
1060109812
1054868505
14942208
1073741824
1098907648
1097859072
-197380
1060109812
1055914983
15663104
1073741824
1098907648
1098907648
-197380
1060109812
1054868505
15663104
1077936128
1098907648
1098907648
-197380
1059586572
1054868505
15663104
1077936128
1098907648
1097859072
-3487030
1059586572
1055914983
15400960
1077936128
1098907648
1097859072
-3487030
1060109812
1055914983
15400960
1077936128
1098907648
1098907648
-197380
1060109812
1054868505
15663104
1082130432
1098907648
1098907648
-3487030
1059586572
1054868505
15400960
1082130432
1098907648
1097859072
-10132123
1059586572
1055914983
15073280
layer 1 vertexCount 100
0
1098907648
1090519040
-12151437
1046480945
1052771353
10682368
0
1098907648
1091567616
-10962033
1046480945
1053817831
11796480
1065353216
1098907648
1091567616
-13340586
1048573903
1053817831
9895936
1065353216
1098907648
1090519040
-14464199
1048573903
1052771353
8847360
1095761920
1098907648
1092616192
-14464199
1048573903
1052771353
11993088
1095761920
1098907648
1093664768
-12151437
1046480945
1052771353
13041664
1096810496
1098907648
1093664768
-10962033
1046480945
1053817831
14090240
1096810496
1098907648
1092616192
-12151437
1048573903
1053817831
13041664
1096810496
1098907648
1092616192
-12217487
1046480945
1053817831
11730944
1096810496
1098907648
1093664768
-11093875
1048573903
1053817831
14876672
1097859072
1098907648
1093664768
-11093875
1048573903
1052771353
15663104
1097859072
1098907648
1092616192
-11093875
1046480945
1052771353
12517376
1097859072
1098907648
1092616192
-10962033
1048573903
1053817831
12517376
1097859072
1098907648
1093664768
-10962033
1048573903
1052771353
15663104
1098907648
1098907648
1093664768
-10962033
1046480945
1052771353
15663104
1098907648
1098907648
1092616192
-10962033
1046480945
1053817831
12517376
1094713344
1098907648
1093664768
-14530248
1046480945
1053817831
11862016
1094713344
1098907648
1094713344
-13341100
1048573903
1053817831
12976128
1095761920
1098907648
1094713344
-11093875
1048573903
1052771353
14155776
1095761920
1098907648
1093664768
-12217487
1046480945
1052771353
12976128
1095761920
1098907648
1093664768
-12151437
1048573903
1053817831
14090240
1095761920
1098907648
1094713344
-10962033
1048573903
1052771353
14876672
1096810496
1098907648
1094713344
-10962033
1046480945
1052771353
15663104
1096810496
1098907648
1093664768
-10962033
1046480945
1053817831
14876672
1096810496
1098907648
1093664768
-10962033
1048573903
1052771353
15663104
1096810496
1098907648
1094713344
-10962033
1046480945
1052771353
15663104
1097859072
1098907648
1094713344
-10962033
1046480945
1053817831
15663104
1097859072
1098907648
1093664768
-10962033
1048573903
1053817831
15663104
1097859072
1098907648
1093664768
-11093875
1046480945
1053817831
15663104
1097859072
1098907648
1094713344
-11093875
1048573903
1053817831
15663104
1098907648
1098907648
1094713344
-11093875
1048573903
1052771353
15663104
1098907648
1098907648
1093664768
-11093875
1046480945
1052771353
15663104
1094713344
1098907648
1094713344
-13340586
1046480945
1052771353
14614528
1094713344
1098907648
1095761920
-13340586
1046480945
1053817831
15400960
1095761920
1098907648
1095761920
-10962033
1048573903
1053817831
15663104
1095761920
1098907648
1094713344
-10962033
1048573903
1052771353
14876672
1095761920
1098907648
1094713344
-10962033
1046480945
1052771353
15663104
1095761920
1098907648
1095761920
-10962033
1046480945
1053817831
15663104
1096810496
1098907648
1095761920
-10962033
1048573903
1053817831
15663104
1096810496
1098907648
1094713344
-10962033
1048573903
1052771353
15663104
1096810496
1098907648
1094713344
-10962033
1046480945
1052771353
15663104
1096810496
1098907648
1095761920
-10962033
1046480945
1053817831
15663104
1097859072
1098907648
1095761920
-10962033
1048573903
1053817831
15663104
1097859072
1098907648
1094713344
-10962033
1048573903
1052771353
15663104
1097859072
1098907648
1094713344
-11093875
1046480945
1053817831
15663104
1097859072
1098907648
1095761920
-11093875
1048573903
1053817831
15663104
1098907648
1098907648
1095761920
-11093875
1048573903
1052771353
15663104
1098907648
1098907648
1094713344
-11093875
1046480945
1052771353
15663104
1094713344
1098907648
1095761920
-13340586
1048573903
1052771353
15400960
1094713344
1098907648
1096810496
-13340586
1046480945
1052771353
15400960
1095761920
1098907648
1096810496
-10962033
1046480945
1053817831
15663104
1095761920
1098907648
1095761920
-10962033
1048573903
1053817831
15663104
1095761920
1098907648
1095761920
-10962033
1046480945
1052771353
15663104
1095761920
1098907648
1096810496
-10962033
1046480945
1053817831
15663104
1096810496
1098907648
1096810496
-10962033
1048573903
1053817831
15663104
1096810496
1098907648
1095761920
-10962033
1048573903
1052771353
15663104
1096810496
1098907648
1095761920
-11093875
1046480945
1053817831
15663104
1096810496
1098907648
1096810496
-11093875
1048573903
1053817831
15663104
1097859072
1098907648
1096810496
-11093875
1048573903
1052771353
15663104
1097859072
1098907648
1095761920
-11093875
1046480945
1052771353
15663104
1097859072
1098907648
1095761920
-11093875
1046480945
1053817831
15663104
1097859072
1098907648
1096810496
-11093875
1048573903
1053817831
15663104
1098907648
1098907648
1096810496
-11093875
1048573903
1052771353
15663104
1098907648
1098907648
1095761920
-11093875
1046480945
1052771353
15663104
1094713344
1098907648
1096810496
-13341100
1046480945
1053817831
15335424
1094713344
1098907648
1097859072
-12217487
1048573903
1053817831
15335424
1095761920
1098907648
1097859072
-11093875
1048573903
1052771353
15663104
1095761920
1098907648
1096810496
-11093875
1046480945
1052771353
15663104
1095761920
1098907648
1096810496
-10962033
1048573903
1053817831
15663104
1095761920
1098907648
1097859072
-10962033
1048573903
1052771353
15663104
1096810496
1098907648
1097859072
-10962033
1046480945
1052771353
15663104
1096810496
1098907648
1096810496
-10962033
1046480945
1053817831
15663104
1096810496
1098907648
1096810496
-10962033
1048573903
1052771353
15663104
1096810496
1098907648
1097859072
-10962033
1046480945
1052771353
15663104
1097859072
1098907648
1097859072
-10962033
1046480945
1053817831
15663104
1097859072
1098907648
1096810496
-10962033
1048573903
1053817831
15663104
1097859072
1098907648
1096810496
-10962033
1048573903
1053817831
15663104
1097859072
1098907648
1097859072
-10962033
1048573903
1052771353
15663104
1098907648
1098907648
1097859072
-10962033
1046480945
1052771353
15663104
1098907648
1098907648
1096810496
-10962033
1046480945
1053817831
15663104
1093664768
1098907648
1097859072
-14464199
1048573903
1052771353
15073280
1093664768
1098907648
1098907648
-12151437
1046480945
1052771353
15400960
1094713344
1098907648
1098907648
-10962033
1046480945
1053817831
15663104
1094713344
1098907648
1097859072
-12151437
1048573903
1053817831
15400960
1094713344
1098907648
1097859072
-12151437
1046480945
1052771353
15400960
1094713344
1098907648
1098907648
-10962033
1046480945
1053817831
15663104
1095761920
1098907648
1098907648
-10962033
1048573903
1053817831
15663104
1095761920
1098907648
1097859072
-10962033
1048573903
1052771353
15663104
1095761920
1098907648
1097859072
-10962033
1046480945
1052771353
15663104
1095761920
1098907648
1098907648
-10962033
1046480945
1053817831
15663104
1096810496
1098907648
1098907648
-10962033
1048573903
1053817831
15663104
1096810496
1098907648
1097859072
-10962033
1048573903
1052771353
15663104
1096810496
1098907648
1097859072
-10962033
1048573903
1053817831
15663104
1096810496
1098907648
1098907648
-10962033
1048573903
1052771353
15663104
1097859072
1098907648
1098907648
-10962033
1046480945
1052771353
15663104
1097859072
1098907648
1097859072
-10962033
1046480945
1053817831
15663104
1097859072
1098907648
1097859072
-10962033
1048573903
1053817831
15663104
1097859072
1098907648
1098907648
-10962033
1048573903
1052771353
15663104
1098907648
1098907648
1098907648
-10962033
1046480945
1052771353
15663104
1098907648
1098907648
1097859072
-10962033
1046480945
1053817831
15663104
layer 2 vertexCount 0
layer 3 vertexCount 0
