9551193
9551193
9551193
9551193
9551193
9551193
9551193
9551193
9551193
9551193
9551193
9551193
9551193
9551193
9551193
9551193
9485403
9419366
9353585
9353585
9353585
9353585
9353585
9353585
9353585
9353585
9353585
9353585
9353585
9353585
9353585
9353585
9353585
9551193
9551193
9551193
9551193
9551193
9551193
9551193
9551193
9551193
9551193
9551193
9551193
9551193
9551193
9551193
9551193
9419369
9353585
9353585
9353585
9353585
9353585
9353585
9353585
9353585
9353585
9353585
9353585
9353585
9353585
9353585
9353585
9353585
9551193
9551193
9551193
9551193
9551193
9551193
9551193
9551193
9551193
9551193
9551193
9551193
9551193
9551193
9551193
9551193
9485406
9353585
9353585
9353585
9353585
9353585
9353585
9353585
9353585
9353585
9353585
9353585
9353585
9353585
9353585
9353585
9353585
9551193
9551193
9551193
9551193
9551193
9551193
9551193
9551193
9551193
9551193
9551193
9551193
9551193
9551193
9551193
9551193
9485153
9353585
9353585
9353585
9353585
9353585
9353585
9353585
9353585
9353585
9353585
9353585
9353585
9353585
9353585
9353585
9353585
9551193
9551193
9551193
9551193
9551193
9551193
9551193
9551193
9551193
9551193
9551193
9551193
9551193
9551193
9551193
9551193
9485153
9353585
9353585
9353585
9353585
9353585
9353585
9353585
9353585
9353585
9353585
9353585
9353585
9353585
9353585
9353585
9353585
9551193
9551193
9551193
9551193
9551193
9551193
9551193
9551193
9551193
9551193
9551193
9551193
9551193
9551193
9551193
9551193
9419619
9353585
9353585
9353585
9353585
9353585
9353585
9353585
9353585
9353585
9353585
9353585
9353585
9353585
9353585
9353585
9353585
9551193
9551193
9551193
9551193
9551193
9551193
9551193
9551193
9551193
9551193
9551193
9551193
9551193
9551193
9551193
9551193
9353585
9353582
9353585
9353585
9353585
9353585
9353585
9353585
9353585
9353585
9353585
9353585
9353585
9353585
9353585
9353585
9353585
9551193
9551193
9551193
9551193
9551193
9551193
9551193
9551193
9551193
9551193
9551193
9551193
9551193
9551193
9551193
9551193
9485153
9551193
9485153
9353585
9353585
9353585
9353585
9353585
9353585
9353585
9353585
9353585
9353585
9353585
9353585
9353585
9353585
9551193
9551193
9551193
9551193
9551193
9551193
9551193
9551193
9551193
9551193
9551193
9551193
9551193
9551193
9551193
9551193
9551193
9551193
9551193
9353585
9353585
9353585
9353585
9353585
9353585
9353585
9353585
9353585
9353585
9353585
9353585
9353585
9353585
9551193
9551193
9551193
9551193
9551193
9551193
9551193
9551193
9551193
9551193
9551193
9551193
9551193
9551193
9551193
9551193
9551193
9551193
9551193
9419366
9419366
9353579
9353585
9353585
9353585
9353585
9353585
9353585
9353585
9353585
9353585
9353585
9353585
9551193
9551193
9551193
9551193
9551193
9551193
9551193
9551193
9551193
9551193
9551193
9551193
9551193
9551193
9551193
9551193
9551193
9551193
9551193
9551193
9551193
9551193
9551193
9353585
9353585
9353585
9353585
9353579
9485403
9353585
9353585
9353585
9353585
9551193
9551193
9551193
9551193
9551193
9551193
9551193
9551193
9551193
9551193
9551193
9551193
9551193
9551193
9551193
9551193
9551193
9551193
9551193
9551193
9551193
9551193
9551193
9419619
9485403
9485406
9419619
9485153
9551193
9485403
9353579
9353585
9353585
9551193
9551193
9551193
9551193
9551193
9551193
9551193
9551193
9551193
9551193
9551193
9551193
9551193
9551193
9551193
9551193
9551193
9551193
9551193
9551193
9551193
9551193
9551193
9551193
9551193
9551193
9551193
9551193
9551193
9419619
9353585
9353585
9353585
9551193
9551193
9551193
9551193
9551193
9551193
9551193
9551193
9551193
9551193
9551193
9551193
9551193
9551193
9551193
9551193
9551193
9551193
9551193
9551193
9551193
9551193
9551193
9551193
9551193
9485403
9419369
9551193
9551193
9485153
9353585
9353585
9353585
9551193
9551193
9551193
9551193
9551193
9551193
9551193
9551193
9551193
9551193
9551193
9551193
9551193
9551193
9551193
9551193
9551193
9551193
9551193
9551193
9551193
9551193
9551193
9551193
9551193
9485403
9353585
9353579
9353582
9353585
9353585
9353585
9353585
9551193
9551193
9551193
9551193
9551193
9551193
9551193
9551193
9551193
9551193
9551193
9551193
9551193
9551193
9551193
9551193
9551193
9551193
9551193
9551193
9551193
9551193
9551193
9551193
9551193
9485153
9353585
9353585
9353585
9353585
9353585
9353585
9353585
9551193
9551193
9551193
9551193
9551193
9551193
9551193
9551193
9551193
9551193
9551193
9551193
9551193
9551193
9551193
9551193
9551193
9551193
9551193
9551193
9551193
9551193
9551193
9551193
9551193
9419366
9353585
9353585
9353585
9353585
9222011
9156478
9287795
9551193
9551193
9551193
9551193
9551193
9551193
9551193
9551193
9551193
9551193
9551193
9551193
9551193
9551193
9551193
9551193
9551193
9551193
9551193
9551193
9551193
9551193
9551193
9485403
9419366
9353585
9353585
9353585
9353585
9353585
9222265
9090691
9090697
9551193
9551193
9551193
9551193
9551193
9551193
9551193
9551193
9551193
9551193
9551193
9551193
9551193
9551193
9551193
9551193
9551193
9551193
9551193
9551193
9551193
9485403
9485153
9353579
9353585
9353585
9353585
9353585
9353585
9353585
9353585
9222011
9090697
9551193
9551193
9551193
9551193
9551193
9551193
9551193
9551193
9551193
9551193
9551193
9551193
9551193
9551193
9551193
9551193
9485406
9419369
9419619
9485153
9353579
9353585
9353585
9353585
9353585
9353585
9353585
9353585
9353585
9353585
9353585
9156481
9090697
9551193
9551193
9551193
9551193
9551193
9551193
9551193
9551193
9551193
9551193
9551193
9551193
9551193
9551193
9551193
9419369
9353579
9353585
9353585
9353585
9353585
9353585
9353585
9287798
9156481
9222011
9222265
9090694
9222011
9353585
9353585
9156481
9090697
9551193
9551193
9551193
9551193
9551193
9551193
9551193
9551193
9551193
9551193
9551193
9551193
9485406
9485153
9485153
9353585
9156478
9353585
9353585
9353585
9287798
9156478
9090691
9090694
9090697
9090697
9090697
9090697
9222011
9353585
9353585
9156481
9090691
9551193
9551193
9551193
9551193
9551193
9551193
9551193
9551193
9551193
9551193
9551193
9551193
9419366
9353585
9353585
9353585
9156478
9090691
9156481
9090694
9090697
9090697
9090697
9090697
9090697
9090697
9090697
9090697
9222011
9353585
9353585
9353585
9222265
9551193
9551193
9551193
9551193
9551193
9551193
9551193
9551193
9551193
9551193
9551193
9485406
9353585
9353585
9353585
9287798
9156481
9090697
9090697
9090697
9090697
9090697
9090697
9090697
9090697
9090697
9090697
9090697
9090697
9222265
9353585
9353585
9353585
9551193
9551193
9551193
9551193
9551193
9551193
9551193
9551193
9551193
9551193
9551193
9485153
9353585
9419366
9419369
9222011
9090697
9090697
9090697
9090697
9090697
9090697
9090697
9090697
9090697
9090697
9090697
9090697
9090697
9156481
9353585
9353585
9353585
9551193
9485406
9485153
9485153
9419619
9551193
9551193
9551193
9551193
9551193
9419619
9353582
9353585
9353582
9551193
9090697
9090697
9090697
9090697
9090697
9090697
9090697
9090697
9090697
9090697
9090697
9090697
9090697
9090697
9090697
9287795
9353585
9353585
9485406
9353579
9353585
9353585
9419619
9551193
9551193
9551193
9485153
9353579
9353585
9353585
9353585
9353582
9353833
9090697
9090697
9090697
9090697
9090697
9090697
9090697
9090697
9090697
9090697
9090697
9090697
9090697
9090697
9090697
9222265
9353585
9222265
9353585
9353585
9353585
9353585
9353579
9353585
9419366
9353582
9353585
9353585
9353585
9353585
9353585
9353585
9419619
9353833
9156478
9090697
9090697
9090697
9090697
9090697
9090697
9090697
9090697
9090697
9090697
9090697
9090697
9090697
9287795
9353585
9090691
9353585
9353585
9353585
9353585
9353585
9353585
9353585
9353585
9353585
9353585
9353585
9353579
9485153
9485153
9551193
9551193
9353833
9090697
9222265
9353833
9288046
9288046
9090697
9090697
9090697
9090697
9090697
9090697
9090697
9156481
9353585
9353585
9156478
9353585
9353585
9353585
9353585
9353585
9353585
9353585
9353585
9353585
9353585
9485153
9551193
9551193
9551193
9551193
9551193
9551193
9551193
9551193
9551193
9551193
9353833
9090697
9090697
9090697
9090697
9090697
9090697
9090697
9090697
9353585
9353585
9156481
9353585
9353585
9353585
9353585
9353585
9353585
9353585
9353585
9419369
9485403
