-7226023 -7226023 -7226023 -7226023 -7226023 -7226023 -7226023 -7226023 -7226023
-7226023 -7226023 -7226023 -7226023 -7226023 -7226023 -7226023 -7226023 -7226023
-7226023 -7226023 -7226023 -7226023 -7226023 -7226023 -7226023 -7226023 -7226023
-7226023 -7226023 -7226023 -7226023 -7226023 -7226023 -7226023 -7226023 -7226023
-7226023 -7226023 -7226023 -7226023 -7226023 -7226023 -7226023 -7226023 -7226023
-7226023 -7226023 -7226023 -7226023 -7226023 -7226023 -7226023 -7226023 -7226023
-7226023 -7226023 -7226023 -7226023 -7226023 -7226023 -7226023 -7226023 -7226023
-7226023 -7226023 -7226023 -7226023 -7226023 -7226023 -7226023 -7226023 -7226023
-7226023 -7226023 -7226023 -7226023 -7226023 -7226023 -7226023 -7226023 -7226023
-7226023 -7226023 -7226023 -7226023 -7226023 -7226023 -7226023 -7226023 -7226023
-7226023 -7226023 -7226023 -7226023 -7226023 -7226023 -7226023 -7226023 -7226023
-7226023 -7226023 -7226023 -7226023 -7226023 -7226023 -7226023 -7226023 -7226023
-7226023 -7226023 -7226023 -7226023 -7226023 -7226023 -7226023 -7226023 -7226023
-7226023 -7226023 -7226023 -7226023 -7226023 -7226023 -7226023 -7226023 -7226023
-7226023 -7226023 -7226023 -7226023 -7226023 -7226023 -7226023 -7226023 -7226023
-7226023 -7226023 -7226023 -7226023 -7226023 -7226023 -7226023 -7226023 -7226023
-7226023 -7226023 -7226023 -7226023 -7226023 -7226023 -7226023 -7226023 -7423631
-7226023 -7226023 -7423631 -7226023 -7226023 -7423631 -7423631 -7423631 -7423631
-7423631 -7423631 -7423631 -7423631 -7423631 -7423631 -7423631 -7423631 -7423631
-7423631 -7423631 -7423631 -7423631 -7423631 -7423631 -7423631 -7423631 -7423631
-7423631 -7423631 -7423631 -7423631 -7423631 -7423631 -7423631 -7423631 -7423631
-7423631 -7423631 -7423631 -7423631 -7423631 -7423631 -7423631 -7423631 -7423631
-7423631 -7423631 -7423631 -7423631 -7423631 -7423631 -7423631 -7423631 -7423631
-7423631 -7423631 -7423631 -7423631 -7423631 -7423631 -7423631 -7423631 -7423631
-7423631 -7423631 -7423631 -7423631 -7423631 -7423631 -7423631 -7423631 -7423631
-7423631 -7423631 -7423631 -7423631 -7423631 -7423631 -7423631 -7423631 -7423631
-7423631 -7423631 -7423631 -7423631 -7423631 -7423631 -7423631 -7423631 -7423631
-7423631 -7423631 -7423631 -7423631 -7423631 -7423631 -7423631 -7423631 -7423631
-7423631 -7423631 -7423631 -7423631 -7423631 -7423631 -7423631 -7423631 -7423631
-7423631 -7423631 -7423631 -7423631 -7423631 -7423631 -7423631 -7423631 -7423631
-7423631 -7423631 -7423631 -7423631 -7423631 -7423631 -7423631 -7423631 -7423631
-7423631 -7423631 -7423631 -7423631 -7423631 -7423631 -7423631 -7423631 -7423631
-7423631 -7423631 -7423631 -7423631 -7423631 -7423631 -7423631 -7423631 -7423631
-7226023 -7226023 -7226023 -7226023 -7226023 -7226023 -7226023 -7226023 -7226023
-7226023 -7226023 -7226023 -7226023 -7226023 -7226023 -7226023 -7226023 -7226023
-7226023 -7226023 -7226023 -7226023 -7226023 -7226023 -7226023 -7226023 -7226023
-7226023 -7226023 -7226023 -7226023 -7226023 -7226023 -7226023 -7226023 -7226023
-7226023 -7226023 -7226023 -7226023 -7226023 -7226023 -7226023 -7226023 -7226023
-7226023 -7226023 -7226023 -7226023 -7226023 -7226023 -7226023 -7226023 -7226023
-7226023 -7226023 -7226023 -7226023 -7226023 -7226023 -7226023 -7226023 -7226023
-7226023 -7226023 -7226023 -7226023 -7226023 -7226023 -7226023 -7226023 -7226023
-7226023 -7226023 -7226023 -7226023 -7226023 -7226023 -7226023 -7226023 -7226023
-7226023 -7226023 -7226023 -7226023 -7226023 -7226023 -7226023 -7226023 -7226023
-7226023 -7226023 -7226023 -7226023 -7226023 -7226023 -7226023 -7226023 -7226023
-7226023 -7226023 -7226023 -7226023 -7226023 -7226023 -7226023 -7226023 -7226023
-7226023 -7226023 -7226023 -7226023 -7226023 -7226023 -7226023 -7226023 -7226023
-7226023 -7226023 -7226023 -7226023 -7226023 -7226023 -7226023 -7226023 -7226023
-7226023 -7226023 -7226023 -7226023 -7226023 -7226023 -7226023 -7226023 -7226023
-7226023 -7226023 -7226023 -7226023 -7226023 -7226023 -7226023 -7226023 -7226023
-7226023 -7226023 -7226023 -7423631 -7423631 -7423631 -7423631 -7423631 -7423631
-7423631 -7423631 -7423631 -7423631 -7423631 -7423631 -7423631 -7423631 -7423631
-7423631 -7423631 -7423631 -7423631 -7423631 -7423631 -7423631 -7423631 -7423631
-7423631 -7423631 -7423631 -7423631 -7423631 -7423631 -7423631 -7423631 -7423631
-7423631 -7423631 -7423631 -7423631 -7423631 -7423631 -7423631 -7423631 -7423631
-7423631 -7423631 -7423631 -7423631 -7423631 -7423631 -7423631 -7423631 -7423631
-7423631 -7423631 -7423631 -7423631 -7423631 -7423631 -7423631 -7423631 -7423631
-7423631 -7423631 -7423631 -7423631 -7423631 -7423631 -7423631 -7423631 -7423631
-7423631 -7423631 -7423631 -7423631 -7423631 -7423631 -7423631 -7423631 -7423631
-7423631 -7423631 -7423631 -7423631 -7423631 -7423631 -7423631 -7423631 -7423631
-7423631 -7423631 -7423631 -7423631 -7423631 -7423631 -7423631 -7423631 -7423631
-7423631 -7423631 -7423631 -7423631 -7423631 -7423631 -7423631 -7423631 -7423631
-7423631 -7423631 -7423631 -7423631 -7423631 -7423631 -7423631 -7423631 -7423631
-7423631 -7423631 -7423631 -7423631 -7423631 -7423631 -7423631 -7423631 -7423631
-7423631 -7423631 -7423631 -7423631 -7423631 -7423631 -7423631 -7423631 -7423631
-7423631 -7423631 -7423631 -7423631 -7423631 -7423631 -7423631 -7423631 -7423631
-7423631 -7423631 -7423631 -7423631 -7423631 -7423631 -7423631 -7423631 -7423631
-7226023 -7226023 -7226023 -7226023 -7226023 -7226023 -7226023 -7226023 -7226023
-7226023 -7226023 -7226023 -7226023 -7226023 -7226023 -7226023 -7226023 -7226023
-7226023 -7226023 -7226023 -7226023 -7226023 -7226023 -7226023 -7226023 -7226023
-7226023 -7226023 -7226023 -7226023 -7226023 -7226023 -7226023 -7226023 -7226023
-7226023 -7226023 -7226023 -7226023 -7226023 -7226023 -7226023 -7226023 -7226023
-7226023 -7226023 -7226023 -7226023 -7226023 -7226023 -7226023 -7226023 -7226023
-7226023 -7226023 -7226023 -7226023 -7226023 -7226023 -7226023 -7226023 -7226023
-7226023 -7226023 -7226023 -7226023 -7226023 -7226023 -7226023 -7226023 -7226023
-7226023 -7226023 -7226023 -7226023 -7226023 -7226023 -7226023 -7226023 -7226023
-7226023 -7226023 -7226023 -7226023 -7226023 -7226023 -7226023 -7226023 -7226023
-7226023 -7226023 -7226023 -7226023 -7226023 -7226023 -7226023 -7226023 -7226023
-7226023 -7226023 -7226023 -7226023 -7226023 -7226023 -7226023 -7226023 -7226023
-7226023 -7226023 -7226023 -7226023 -7226023 -7226023 -7226023 -7226023 -7226023
-7226023 -7226023 -7226023 -7226023 -7226023 -7226023 -7226023 -7226023 -7226023
-7226023 -7226023 -7226023 -7226023 -7226023 -7226023 -7226023 -7226023 -7226023
-7226023 -7226023 -7226023 -7226023 -7226023 -7226023 -7226023 -7226023 -7226023
-7226023 -7226023 -7226023 -7226023 -7226023 -7226023 -7423631 -7423631 -7226023
-7423631 -7423631 -7423631 -7423631 -7423631 -7423631 -7423631 -7423631 -7423631
-7423631 -7423631 -7423631 -7423631 -7423631 -7423631 -7423631 -7423631 -7423631
-7423631 -7423631 -7423631 -7423631 -7423631 -7423631 -7423631 -7423631 -7423631
-7423631 -7423631 -7423631 -7423631 -7423631 -7423631 -7423631 -7423631 -7423631
-7423631 -7423631 -7423631 -7423631 -7423631 -7423631 -7423631 -7423631 -7423631
-7423631 -7423631 -7423631 -7423631 -7423631 -7423631 -7423631 -7423631 -7423631
-7423631 -7423631 -7423631 -7423631 -7423631 -7423631 -7423631 -7423631 -7423631
-7423631 -7423631 -7423631 -7423631 -7423631 -7423631 -7423631 -7423631 -7423631
-7423631 -7423631 -7423631 -7423631 -7423631 -7423631 -7423631 -7423631 -7423631
-7423631 -7423631 -7423631 -7423631 -7423631 -7423631 -7423631 -7423631 -7423631
-7423631 -7423631 -7423631 -7423631 -7423631 -7423631 -7423631 -7423631 -7423631
-7423631 -7423631 -7423631 -7423631 -7423631 -7423631 -7423631 -7423631 -7423631
-7423631 -7423631 -7423631 -7423631 -7423631 -7423631 -7423631 -7423631 -7423631
-7423631 -7423631 -7423631 -7423631 -7423631 -7423631 -7423631 -7423631 -7423631
-7423631 -7423631 -7423631 -7423631 -7423631 -7423631 -7423631 -7423631 -7423631
-7423631 -7423631 -7423631 -7423631 -7423631 -7423631 -7423631 -7423631 -7423631
-7226023 -7226023 -7226023 -7226023 -7226023 -7226023 -7226023 -7226023 -7226023
-7226023 -7226023 -7226023 -7226023 -7226023 -7226023 -7226023 -7226023 -7226023
-7226023 -7226023 -7226023 -7226023 -7226023 -7226023 -7226023 -7226023 -7226023
-7226023 -7226023 -7226023 -7226023 -7226023 -7226023 -7226023 -7226023 -7226023
-7226023 -7226023 -7226023 -7226023 -7226023 -7226023 -7226023 -7226023 -7226023
-7226023 -7226023 -7226023 -7226023 -7226023 -7226023 -7226023 -7226023 -7226023
-7226023 -7226023 -7226023 -7226023 -7226023 -7226023 -7226023 -7226023 -7226023
-7226023 -7226023 -7226023 -7226023 -7226023 -7226023 -7226023 -7226023 -7226023
-7226023 -7226023 -7226023 -7226023 -7226023 -7226023 -7226023 -7226023 -7226023
-7226023 -7226023 -7226023 -7226023 -7226023 -7226023 -7226023 -7226023 -7226023
-7226023 -7226023 -7226023 -7226023 -7226023 -7226023 -7226023 -7226023 -7226023
-7226023 -7226023 -7226023 -7226023 -7226023 -7226023 -7226023 -7226023 -7226023
-7226023 -7226023 -7226023 -7226023 -7226023 -7226023 -7226023 -7226023 -7226023
-7226023 -7226023 -7226023 -7226023 -7226023 -7226023 -7226023 -7226023 -7226023
-7226023 -7226023 -7226023 -7226023 -7226023 -7226023 -7226023 -7226023 -7226023
-7226023 -7226023 -7226023 -7226023 -7226023 -7226023 -7226023 -7226023 -7226023
-7226023 -7226023 -7226023 -7226023 -7226023 -7226023 -7423631 -7423631 -7423631
-7423631 -7423631 -7423631 -7423631 -7423631 -7423631 -7423631 -7423631 -7423631
-7423631 -7423631 -7423631 -7423631 -7423631 -7423631 -7423631 -7423631 -7423631
-7423631 -7423631 -7423631 -7423631 -7423631 -7423631 -7423631 -7423631 -7423631
-7423631 -7423631 -7423631 -7423631 -7423631 -7423631 -7423631 -7423631 -7423631
-7423631 -7423631 -7423631 -7423631 -7423631 -7423631 -7423631 -7423631 -7423631
-7423631 -7423631 -7423631 -7423631 -7423631 -7423631 -7423631 -7423631 -7423631
-7423631 -7423631 -7423631 -7423631 -7423631 -7423631 -7423631 -7423631 -7423631
-7423631 -7423631 -7423631 -7423631 -7423631 -7423631 -7423631 -7423631 -7423631
-7423631 -7423631 -7423631 -7423631 -7423631 -7423631 -7423631 -7423631 -7423631
-7423631 -7423631 -7423631 -7423631 -7423631 -7423631 -7423631 -7423631 -7423631
-7423631 -7423631 -7423631 -7423631 -7423631 -7423631 -7423631 -7423631 -7423631
-7423631 -7423631 -7423631 -7423631 -7423631 -7423631 -7423631 -7423631 -7423631
-7423631 -7423631 -7423631 -7423631 -7423631 -7423631 -7423631 -7423631 -7423631
-7423631 -7423631 -7423631 -7423631 -7423631 -7423631 -7423631 -7423631 -7423631
-7423631 -7423631 -7423631 -7423631 -7423631 -7423631 -7423631 -7423631 -7423631
-7423631 -7423631 -7423631 -7423631 -7423631 -7423631 -7423631 -7423631 -7423631
-7226023 -7226023 -7226023 -7226023 -7226023 -7226023 -7226023 -7226023 -7226023
-7226023 -7226023 -7226023 -7226023 -7226023 -7226023 -7226023 -7226023 -7226023
-7226023 -7226023 -7226023 -7226023 -7226023 -7226023 -7226023 -7226023 -7226023
-7226023 -7226023 -7226023 -7226023 -7226023 -7226023 -7226023 -7226023 -7226023
-7226023 -7226023 -7226023 -7226023 -7226023 -7226023 -7226023 -7226023 -7226023
-7226023 -7226023 -7226023 -7226023 -7226023 -7226023 -7226023 -7226023 -7226023
-7226023 -7226023 -7226023 -7226023 -7226023 -7226023 -7226023 -7226023 -7226023
-7226023 -7226023 -7226023 -7226023 -7226023 -7226023 -7226023 -7226023 -7226023
-7226023 -7226023 -7226023 -7226023 -7226023 -7226023 -7226023 -7226023 -7226023
-7226023 -7226023 -7226023 -7226023 -7226023 -7226023 -7226023 -7226023 -7226023
-7226023 -7226023 -7226023 -7226023 -7226023 -7226023 -7226023 -7226023 -7226023
-7226023 -7226023 -7226023 -7226023 -7226023 -7226023 -7226023 -7226023 -7226023
-7226023 -7226023 -7226023 -7226023 -7226023 -7226023 -7226023 -7226023 -7226023
-7226023 -7226023 -7226023 -7226023 -7226023 -7226023 -7226023 -7226023 -7226023
-7226023 -7226023 -7226023 -7226023 -7226023 -7226023 -7226023 -7226023 -7226023
-7226023 -7226023 -7226023 -7226023 -7226023 -7226023 -7226023 -7226023 -7226023
-7226023 -7226023 -7226023 -7226023 -7226023 -7226023 -7423631 -7423631 -7423631
-7423631 -7423631 -7423631 -7423631 -7423631 -7423631 -7423631 -7423631 -7423631
-7423631 -7423631 -7423631 -7423631 -7423631 -7423631 -7423631 -7423631 -7423631
-7423631 -7423631 -7423631 -7423631 -7423631 -7423631 -7423631 -7423631 -7423631
-7423631 -7423631 -7423631 -7423631 -7423631 -7423631 -7423631 -7423631 -7423631
-7423631 -7423631 -7423631 -7423631 -7423631 -7423631 -7423631 -7423631 -7423631
-7423631 -7423631 -7423631 -7423631 -7423631 -7423631 -7423631 -7423631 -7423631
-7423631 -7423631 -7423631 -7423631 -7423631 -7423631 -7423631 -7423631 -7423631
-7423631 -7423631 -7423631 -7423631 -7423631 -7423631 -7423631 -7423631 -7423631
-7423631 -7423631 -7423631 -7423631 -7423631 -7423631 -7423631 -7423631 -7423631
-7423631 -7423631 -7423631 -7423631 -7423631 -7423631 -7423631 -7423631 -7423631
-7423631 -7423631 -7423631 -7423631 -7423631 -7423631 -7423631 -7423631 -7423631
-7423631 -7423631 -7423631 -7423631 -7423631 -7423631 -7423631 -7423631 -7423631
-7423631 -7423631 -7423631 -7423631 -7423631 -7423631 -7423631 -7423631 -7423631
-7423631 -7423631 -7423631 -7423631 -7423631 -7423631 -7423631 -7423631 -7423631
-7423631 -7423631 -7423631 -7423631 -7423631 -7423631 -7423631 -7423631 -7423631
-7423631 -7423631 -7423631 -7423631 -7423631 -7423631 -7423631 -7423631 -7423631
-7226023 -7226023 -7226023 -7226023 -7226023 -7226023 -7226023 -7226023 -7226023
-7226023 -7226023 -7226023 -7226023 -7226023 -7226023 -7226023 -7226023 -7226023
-7226023 -7226023 -7226023 -7226023 -7226023 -7226023 -7226023 -7226023 -7226023
-7226023 -7226023 -7226023 -7226023 -7226023 -7226023 -7226023 -7226023 -7226023
-7226023 -7226023 -7226023 -7226023 -7226023 -7226023 -7226023 -7226023 -7226023
-7226023 -7226023 -7226023 -7226023 -7226023 -7226023 -7226023 -7226023 -7226023
-7226023 -7226023 -7226023 -7226023 -7226023 -7226023 -7226023 -7226023 -7226023
-7226023 -7226023 -7226023 -7226023 -7226023 -7226023 -7226023 -7226023 -7226023
-7226023 -7226023 -7226023 -7226023 -7226023 -7226023 -7226023 -7226023 -7226023
-7226023 -7226023 -7226023 -7226023 -7226023 -7226023 -7226023 -7226023 -7226023
-7226023 -7226023 -7226023 -7226023 -7226023 -7226023 -7226023 -7226023 -7226023
-7226023 -7226023 -7226023 -7226023 -7226023 -7226023 -7226023 -7226023 -7226023
-7226023 -7226023 -7226023 -7226023 -7226023 -7226023 -7226023 -7226023 -7226023
-7226023 -7226023 -7226023 -7226023 -7226023 -7226023 -7226023 -7226023 -7226023
-7226023 -7226023 -7226023 -7226023 -7226023 -7226023 -7226023 -7226023 -7226023
-7226023 -7226023 -7226023 -7226023 -7226023 -7226023 -7226023 -7226023 -7226023
-7226023 -7226023 -7226023 -7226023 -7226023 -7423631 -7423631 -7423631 -7423631
-7423631 -7423631 -7423631 -7423631 -7423631 -7423631 -7423631 -7423631 -7423631
-7423631 -7423631 -7423631 -7423631 -7423631 -7423631 -7423631 -7423631 -7423631
-7423631 -7423631 -7423631 -7423631 -7423631 -7423631 -7423631 -7423631 -7423631
-7423631 -7423631 -7423631 -7423631 -7423631 -7423631 -7423631 -7423631 -7423631
-7423631 -7423631 -7423631 -7423631 -7423631 -7423631 -7423631 -7423631 -7423631
-7423631 -7423631 -7423631 -7423631 -7423631 -7423631 -7423631 -7423631 -7423631
-7423631 -7423631 -7423631 -7423631 -7423631 -7423631 -7423631 -7423631 -7423631
-7423631 -7423631 -7423631 -7423631 -7423631 -7423631 -7423631 -7423631 -7423631
-7423631 -7423631 -7423631 -7423631 -7423631 -7423631 -7423631 -7423631 -7423631
-7423631 -7423631 -7423631 -7423631 -7423631 -7423631 -7423631 -7423631 -7423631
-7423631 -7423631 -7423631 -7423631 -7423631 -7423631 -7423631 -7423631 -7423631
-7423631 -7423631 -7423631 -7423631 -7423631 -7423631 -7423631 -7423631 -7423631
-7423631 -7423631 -7423631 -7423631 -7423631 -7423631 -7423631 -7423631 -7423631
-7423631 -7423631 -7423631 -7423631 -7423631 -7423631 -7423631 -7423631 -7423631
-7423631 -7423631 -7423631 -7423631 -7423631 -7423631 -7423631 -7423631 -7423631
-7423631 -7423631 -7423631 -7423631 -7423631 -7423631 -7423631 -7423631 -7423631
-7226023 -7226023 -7226023 -7226023 -7226023 -7226023 -7226023 -7226023 -7226023
-7226023 -7226023 -7226023 -7226023 -7226023 -7226023 -7226023 -7226023 -7226023
-7226023 -7226023 -7226023 -7226023 -7226023 -7226023 -7226023 -7226023 -7226023
-7226023 -7226023 -7226023 -7226023 -7226023 -7226023 -7226023 -7226023 -7226023
-7226023 -7226023 -7226023 -7226023 -7226023 -7226023 -7226023 -7226023 -7226023
-7226023 -7226023 -7226023 -7226023 -7226023 -7226023 -7226023 -7226023 -7226023
-7226023 -7226023 -7226023 -7226023 -7226023 -7226023 -7226023 -7226023 -7226023
-7226023 -7226023 -7226023 -7226023 -7226023 -7226023 -7226023 -7226023 -7226023
-7226023 -7226023 -7226023 -7226023 -7226023 -7226023 -7226023 -7226023 -7226023
-7226023 -7226023 -7226023 -7226023 -7226023 -7226023 -7226023 -7226023 -7226023
-7226023 -7226023 -7226023 -7226023 -7226023 -7226023 -7226023 -7226023 -7226023
-7226023 -7226023 -7226023 -7226023 -7226023 -7226023 -7226023 -7226023 -7226023
-7226023 -7226023 -7226023 -7226023 -7226023 -7226023 -7226023 -7226023 -7226023
-7226023 -7226023 -7226023 -7226023 -7226023 -7226023 -7226023 -7226023 -7226023
-7226023 -7226023 -7226023 -7226023 -7226023 -7226023 -7226023 -7226023 -7226023
-7226023 -7226023 -7226023 -7226023 -7226023 -7226023 -7226023 -7226023 -7226023
-7423631 -7423631 -7423631 -7423631 -7423631 -7423631 -7423631 -7423631 -7423631
-7423631 -7423631 -7423631 -7423631 -7423631 -7423631 -7423631 -7423631 -7226023
-7423631 -7423631 -7423631 -7423631 -7423631 -7423631 -7423631 -7423631 -7423631
-7423631 -7423631 -7423631 -7423631 -7423631 -7423631 -7423631 -7423631 -7423631
-7423631 -7423631 -7423631 -7423631 -7423631 -7423631 -7423631 -7423631 -7423631
-7423631 -7423631 -7423631 -7423631 -7423631 -7423631 -7423631 -7423631 -7423631
-7423631 -7423631 -7423631 -7423631 -7423631 -7423631 -7423631 -7423631 -7423631
-7423631 -7423631 -7423631 -7423631 -7423631 -7423631 -7423631 -7423631 -7423631
-7423631 -7423631 -7423631 -7423631 -7423631 -7423631 -7423631 -7423631 -7423631
-7423631 -7423631 -7423631 -7423631 -7423631 -7423631 -7423631 -7423631 -7423631
-7423631 -7423631 -7423631 -7423631 -7423631 -7423631 -7423631 -7423631 -7423631
-7423631 -7423631 -7423631 -7423631 -7423631 -7423631 -7423631 -7423631 -7423631
-7423631 -7423631 -7423631 -7423631 -7423631 -7423631 -7423631 -7423631 -7423631
-7423631 -7423631 -7423631 -7423631 -7423631 -7423631 -7423631 -7423631 -7423631
-7423631 -7423631 -7423631 -7423631 -7423631 -7423631 -7423631 -7423631 -7423631
-7423631 -7423631 -7423631 -7423631 -7423631 -7423631 -7423631 -7423631 -7423631
-7423631 -7423631 -7423631 -7423631 -7423631 -7423631 -7423631 -7423631 -7423631
-7226023 -7226023 -7226023 -7226023 -7226023 -7226023 -7226023 -7226023 -7226023
-7226023 -7226023 -7226023 -7226023 -7226023 -7226023 -7226023 -7226023 -7226023
-7226023 -7226023 -7226023 -7226023 -7226023 -7226023 -7226023 -7226023 -7226023
-7226023 -7226023 -7226023 -7226023 -7226023 -7226023 -7226023 -7226023 -7226023
-7226023 -7226023 -7226023 -7226023 -7226023 -7226023 -7226023 -7226023 -7226023
-7226023 -7226023 -7226023 -7226023 -7226023 -7226023 -7226023 -7226023 -7226023
-7226023 -7226023 -7226023 -7226023 -7226023 -7226023 -7226023 -7226023 -7226023
-7226023 -7226023 -7226023 -7226023 -7226023 -7226023 -7226023 -7226023 -7226023
-7226023 -7226023 -7226023 -7226023 -7226023 -7226023 -7226023 -7226023 -7226023
-7226023 -7226023 -7226023 -7226023 -7226023 -7226023 -7226023 -7226023 -7226023
-7226023 -7226023 -7226023 -7226023 -7226023 -7226023 -7226023 -7226023 -7226023
-7226023 -7226023 -7226023 -7226023 -7226023 -7226023 -7226023 -7226023 -7226023
-7226023 -7226023 -7226023 -7226023 -7226023 -7226023 -7226023 -7226023 -7226023
-7226023 -7226023 -7226023 -7226023 -7226023 -7226023 -7226023 -7226023 -7226023
-7226023 -7226023 -7226023 -7226023 -7226023 -7226023 -7226023 -7226023 -7226023
-7226023 -7226023 -7226023 -7226023 -7226023 -7226023 -7226023 -7226023 -7226023
-7423631 -7226023 -7226023 -7423631 -7226023 -7226023 -7423631 -7226023 -7226023
-7226023 -7226023 -7226023 -7226023 -7226023 -7226023 -7226023 -7226023 -7226023
-7226023 -7226023 -7226023 -7423631 -7226023 -7226023 -7423631 -7423631 -7226023
-7423631 -7423631 -7423631 -7423631 -7423631 -7423631 -7423631 -7423631 -7423631
-7423631 -7423631 -7423631 -7423631 -7423631 -7423631 -7423631 -7423631 -7423631
-7423631 -7423631 -7423631 -7423631 -7423631 -7423631 -7423631 -7423631 -7423631
-7423631 -7423631 -7423631 -7423631 -7423631 -7423631 -7423631 -7423631 -7423631
-7423631 -7423631 -7423631 -7423631 -7423631 -7423631 -7423631 -7423631 -7423631
-7423631 -7423631 -7423631 -7423631 -7423631 -7423631 -7423631 -7423631 -7423631
-7423631 -7423631 -7423631 -7423631 -7423631 -7423631 -7423631 -7423631 -7423631
-7423631 -7423631 -7423631 -7423631 -7423631 -7423631 -7423631 -7423631 -7423631
-7423631 -7423631 -7423631 -7423631 -7423631 -7423631 -7423631 -7423631 -7423631
-7423631 -7423631 -7423631 -7423631 -7423631 -7423631 -7423631 -7423631 -7423631
-7423631 -7423631 -7423631 -7423631 -7423631 -7423631 -7423631 -7423631 -7423631
-7423631 -7423631 -7423631 -7423631 -7423631 -7423631 -7423631 -7423631 -7423631
-7423631 -7423631 -7423631 -7423631 -7423631 -7423631 -7423631 -7423631 -7423631
-7423631 -7423631 -7423631 -7423631 -7423631 -7423631 -7423631 -7423631 -7423631
-7226023 -7226023 -7226023 -7226023 -7226023 -7226023 -7226023 -7226023 -7226023
-7226023 -7226023 -7226023 -7226023 -7226023 -7226023 -7226023 -7226023 -7226023
-7226023 -7226023 -7226023 -7226023 -7226023 -7226023 -7226023 -7226023 -7226023
-7226023 -7226023 -7226023 -7226023 -7226023 -7226023 -7226023 -7226023 -7226023
-7226023 -7226023 -7226023 -7226023 -7226023 -7226023 -7226023 -7226023 -7226023
-7226023 -7226023 -7226023 -7226023 -7226023 -7226023 -7226023 -7226023 -7226023
-7226023 -7226023 -7226023 -7226023 -7226023 -7226023 -7226023 -7226023 -7226023
-7226023 -7226023 -7226023 -7226023 -7226023 -7226023 -7226023 -7226023 -7226023
-7226023 -7226023 -7226023 -7226023 -7226023 -7226023 -7226023 -7226023 -7226023
-7226023 -7226023 -7226023 -7226023 -7226023 -7226023 -7226023 -7226023 -7226023
-7226023 -7226023 -7226023 -7226023 -7226023 -7226023 -7226023 -7226023 -7226023
-7226023 -7226023 -7226023 -7226023 -7226023 -7226023 -7226023 -7226023 -7226023
-7226023 -7226023 -7226023 -7226023 -7226023 -7226023 -7226023 -7226023 -7226023
-7226023 -7226023 -7226023 -7226023 -7226023 -7226023 -7226023 -7226023 -7226023
-7226023 -7226023 -7226023 -7226023 -7226023 -7226023 -7226023 -7226023 -7226023
-7226023 -7226023 -7226023 -7226023 -7226023 -7226023 -7226023 -7226023 -7226023
-7226023 -7226023 -7226023 -7226023 -7226023 -7226023 -7226023 -7226023 -7226023
-7226023 -7226023 -7226023 -7226023 -7226023 -7226023 -7226023 -7226023 -7226023
-7226023 -7226023 -7226023 -7226023 -7226023 -7226023 -7226023 -7226023 -7226023
-7423631 -7423631 -7423631 -7423631 -7423631 -7423631 -7423631 -7423631 -7423631
-7423631 -7423631 -7423631 -7423631 -7423631 -7423631 -7423631 -7423631 -7423631
-7423631 -7423631 -7423631 -7423631 -7423631 -7423631 -7423631 -7423631 -7423631
-7423631 -7423631 -7423631 -7423631 -7423631 -7423631 -7423631 -7423631 -7423631
-7423631 -7423631 -7423631 -7423631 -7423631 -7423631 -7423631 -7423631 -7423631
-7423631 -7423631 -7423631 -7423631 -7423631 -7423631 -7423631 -7423631 -7423631
-7423631 -7423631 -7423631 -7423631 -7423631 -7423631 -7423631 -7423631 -7423631
-7423631 -7423631 -7423631 -7423631 -7423631 -7423631 -7423631 -7423631 -7423631
-7423631 -7423631 -7423631 -7423631 -7423631 -7423631 -7423631 -7423631 -7423631
-7423631 -7423631 -7423631 -7423631 -7423631 -7423631 -7423631 -7423631 -7423631
-7423631 -7423631 -7423631 -7423631 -7423631 -7423631 -7423631 -7423631 -7423631
-7423631 -7423631 -7423631 -7423631 -7423631 -7423631 -7423631 -7423631 -7423631
-7423631 -7423631 -7423631 -7423631 -7423631 -7423631 -7423631 -7423631 -7423631
-7423631 -7423631 -7423631 -7423631 -7423631 -7423631 -7423631 -7423631 -7423631
-7226023 -7226023 -7226023 -7226023 -7226023 -7226023 -7226023 -7226023 -7226023
-7226023 -7226023 -7226023 -7226023 -7226023 -7226023 -7226023 -7226023 -7226023
-7226023 -7226023 -7226023 -7226023 -7226023 -7226023 -7226023 -7226023 -7226023
-7226023 -7226023 -7226023 -7226023 -7226023 -7226023 -7226023 -7226023 -7226023
-7226023 -7226023 -7226023 -7226023 -7226023 -7226023 -7226023 -7226023 -7226023
-7226023 -7226023 -7226023 -7226023 -7226023 -7226023 -7226023 -7226023 -7226023
-7226023 -7226023 -7226023 -7226023 -7226023 -7226023 -7226023 -7226023 -7226023
-7226023 -7226023 -7226023 -7226023 -7226023 -7226023 -7226023 -7226023 -7226023
-7226023 -7226023 -7226023 -7226023 -7226023 -7226023 -7226023 -7226023 -7226023
-7226023 -7226023 -7226023 -7226023 -7226023 -7226023 -7226023 -7226023 -7226023
-7226023 -7226023 -7226023 -7226023 -7226023 -7226023 -7226023 -7226023 -7226023
-7226023 -7226023 -7226023 -7226023 -7226023 -7226023 -7226023 -7226023 -7226023
-7226023 -7226023 -7226023 -7226023 -7226023 -7226023 -7226023 -7226023 -7226023
-7226023 -7226023 -7226023 -7226023 -7226023 -7226023 -7226023 -7226023 -7226023
-7226023 -7226023 -7226023 -7226023 -7226023 -7226023 -7226023 -7226023 -7226023
-7226023 -7226023 -7226023 -7226023 -7226023 -7226023 -7226023 -7226023 -7226023
-7226023 -7226023 -7226023 -7226023 -7226023 -7226023 -7226023 -7226023 -7226023
-7226023 -7226023 -7226023 -7226023 -7226023 -7226023 -7226023 -7226023 -7226023
-7226023 -7226023 -7226023 -7226023 -7226023 -7226023 -7226023 -7226023 -7226023
-7423631 -7226023 -7226023 -7423631 -7423631 -7226023 -7423631 -7423631 -7226023
-7423631 -7423631 -7226023 -7423631 -7226023 -7226023 -7423631 -7423631 -7226023
-7423631 -7423631 -7226023 -7423631 -7423631 -7226023 -7423631 -7423631 -7423631
-7423631 -7423631 -7423631 -7423631 -7423631 -7423631 -7423631 -7423631 -7423631
-7423631 -7423631 -7423631 -7423631 -7423631 -7423631 -7423631 -7423631 -7423631
-7423631 -7423631 -7423631 -7423631 -7423631 -7423631 -7423631 -7423631 -7423631
-7423631 -7423631 -7423631 -7423631 -7423631 -7423631 -7423631 -7423631 -7423631
-7423631 -7423631 -7423631 -7423631 -7423631 -7423631 -7423631 -7423631 -7423631
-7423631 -7423631 -7423631 -7423631 -7423631 -7423631 -7423631 -7423631 -7423631
-7423631 -7423631 -7423631 -7423631 -7423631 -7423631 -7423631 -7423631 -7423631
-7423631 -7423631 -7423631 -7423631 -7423631 -7423631 -7423631 -7423631 -7423631
-7423631 -7423631 -7423631 -7423631 -7423631 -7423631 -7423631 -7423631 -7423631
-7423631 -7423631 -7423631 -7423631 -7423631 -7423631 -7423631 -7423631 -7423631
-7423631 -7423631 -7423631 -7423631 -7423631 -7423631 -7423631 -7423631 -7423631
-7226023 -7226023 -7226023 -7226023 -7226023 -7226023 -7226023 -7226023 -7226023
-7226023 -7226023 -7226023 -7226023 -7226023 -7226023 -7226023 -7226023 -7226023
-7226023 -7226023 -7226023 -7226023 -7226023 -7226023 -7226023 -7226023 -7226023
-7226023 -7226023 -7226023 -7226023 -7226023 -7226023 -7226023 -7226023 -7226023
-7226023 -7226023 -7226023 -7226023 -7226023 -7226023 -7226023 -7226023 -7226023
-7226023 -7226023 -7226023 -7226023 -7226023 -7226023 -7226023 -7226023 -7226023
-7226023 -7226023 -7226023 -7226023 -7226023 -7226023 -7226023 -7226023 -7226023
-7226023 -7226023 -7226023 -7226023 -7226023 -7226023 -7226023 -7226023 -7226023
-7226023 -7226023 -7226023 -7226023 -7226023 -7226023 -7226023 -7226023 -7226023
-7226023 -7226023 -7226023 -7226023 -7226023 -7226023 -7226023 -7226023 -7226023
-7226023 -7226023 -7226023 -7226023 -7226023 -7226023 -7226023 -7226023 -7226023
-7226023 -7226023 -7226023 -7226023 -7226023 -7226023 -7226023 -7226023 -7226023
-7226023 -7226023 -7226023 -7226023 -7226023 -7226023 -7226023 -7226023 -7226023
-7226023 -7226023 -7226023 -7226023 -7226023 -7226023 -7226023 -7226023 -7226023
-7226023 -7226023 -7226023 -7226023 -7226023 -7226023 -7226023 -7226023 -7226023
-7226023 -7226023 -7226023 -7226023 -7226023 -7226023 -7226023 -7226023 -7226023
-7226023 -7226023 -7226023 -7226023 -7226023 -7226023 -7226023 -7226023 -7226023
-7226023 -7226023 -7226023 -7226023 -7226023 -7226023 -7226023 -7226023 -7226023
-7226023 -7226023 -7226023 -7226023 -7226023 -7226023 -7226023 -7226023 -7226023
-7226023 -7226023 -7226023 -7226023 -7226023 -7226023 -7226023 -7226023 -7226023
-7226023 -7226023 -7226023 -7226023 -7226023 -7226023 -7226023 -7226023 -7226023
-7226023 -7226023 -7226023 -7226023 -7226023 -7226023 -7226023 -7226023 -7226023
-7226023 -7226023 -7226023 -7226023 -7226023 -7226023 -7226023 -7226023 -7226023
-7423631 -7423631 -7423631 -7423631 -7423631 -7423631 -7423631 -7423631 -7423631
-7423631 -7423631 -7423631 -7423631 -7423631 -7423631 -7423631 -7423631 -7423631
-7423631 -7423631 -7423631 -7423631 -7423631 -7423631 -7423631 -7423631 -7423631
-7423631 -7423631 -7423631 -7423631 -7423631 -7423631 -7423631 -7423631 -7423631
-7423631 -7423631 -7423631 -7423631 -7423631 -7423631 -7423631 -7226023 -7226023
-7423631 -7226023 -7226023 -7226023 -7226023 -7226023 -7226023 -7226023 -7226023
-7423631 -7423631 -7423631 -7423631 -7423631 -7423631 -7423631 -7423631 -7423631
-7423631 -7423631 -7423631 -7423631 -7423631 -7423631 -7423631 -7423631 -7423631
-7423631 -7423631 -7423631 -7423631 -7423631 -7423631 -7423631 -7423631 -7423631
-7423631 -7423631 -7423631 -7423631 -7423631 -7423631 -7423631 -7423631 -7423631
-7226023 -7226023 -7226023 -7226023 -7226023 -7226023 -7226023 -7226023 -7226023
-7226023 -7226023 -7226023 -7226023 -7226023 -7226023 -7226023 -7226023 -7226023
-7226023 -7226023 -7226023 -7226023 -7226023 -7226023 -7226023 -7226023 -7226023
-7226023 -7226023 -7226023 -7226023 -7226023 -7226023 -7226023 -7226023 -7226023
-7226023 -7226023 -7226023 -7226023 -7226023 -7226023 -7226023 -7226023 -7226023
-7226023 -7226023 -7226023 -7226023 -7226023 -7226023 -7226023 -7226023 -7226023
-7226023 -7226023 -7226023 -7226023 -7226023 -7226023 -7226023 -7226023 -7226023
-7226023 -7226023 -7226023 -7226023 -7226023 -7226023 -7226023 -7226023 -7226023
-7226023 -7226023 -7226023 -7226023 -7226023 -7226023 -7226023 -7226023 -7226023
-7226023 -7226023 -7226023 -7226023 -7226023 -7226023 -7226023 -7226023 -7226023
-7226023 -7226023 -7226023 -7226023 -7226023 -7226023 -7226023 -7226023 -7226023
-7226023 -7226023 -7226023 -7226023 -7226023 -7226023 -7226023 -7226023 -7226023
-7226023 -7226023 -7226023 -7226023 -7226023 -7226023 -7226023 -7226023 -7226023
-7226023 -7226023 -7226023 -7226023 -7226023 -7226023 -7226023 -7226023 -7226023
-7226023 -7226023 -7226023 -7226023 -7226023 -7226023 -7226023 -7226023 -7226023
-7226023 -7226023 -7226023 -7226023 -7226023 -7226023 -7226023 -7226023 -7226023
-7226023 -7226023 -7226023 -7226023 -7226023 -7226023 -7226023 -7226023 -7226023
-7226023 -7226023 -7226023 -7226023 -7226023 -7226023 -7226023 -7226023 -7226023
-7226023 -7226023 -7226023 -7226023 -7226023 -7226023 -7226023 -7226023 -7226023
-7226023 -7226023 -7226023 -7226023 -7226023 -7226023 -7226023 -7226023 -7226023
-7226023 -7226023 -7226023 -7226023 -7226023 -7226023 -7226023 -7226023 -7226023
-7226023 -7226023 -7226023 -7226023 -7226023 -7226023 -7226023 -7226023 -7226023
-7226023 -7226023 -7226023 -7226023 -7226023 -7226023 -7226023 -7226023 -7226023
-7423631 -7423631 -7226023 -7423631 -7226023 -7226023 -7423631 -7226023 -7226023
-7423631 -7226023 -7226023 -7226023 -7226023 -7226023 -7226023 -7226023 -7226023
-7423631 -7226023 -7226023 -7423631 -7226023 -7226023 -7226023 -7226023 -7226023
-7423631 -7226023 -7226023 -7423631 -7226023 -7226023 -7423631 -7423631 -7226023
-7423631 -7423631 -7226023 -7423631 -7226023 -7226023 -7226023 -7226023 -7226023
-7226023 -7226023 -7226023 -7226023 -7226023 -7226023 -7226023 -7226023 -7226023
-7226023 -7226023 -7226023 -7226023 -7226023 -7226023 -7423631 -7226023 -7226023
-7423631 -7226023 -7226023 -7423631 -7423631 -7423631 -7423631 -7423631 -7423631
-7423631 -7423631 -7423631 -7423631 -7423631 -7423631 -7423631 -7423631 -7423631
-7423631 -7423631 -7423631 -7423631 -7423631 -7423631 -7423631 -7423631 -7423631
-7226023 -7226023 -7226023 -7226023 -7226023 -7226023 -7226023 -7226023 -7226023
-7226023 -7226023 -7226023 -7226023 -7226023 -7226023 -7226023 -7226023 -7226023
-7226023 -7226023 -7226023 -7226023 -7226023 -7226023 -7226023 -7226023 -7226023
-7226023 -7226023 -7226023 -7226023 -7226023 -7226023 -7226023 -7226023 -7226023
-7226023 -7226023 -7226023 -7226023 -7226023 -7226023 -7226023 -7226023 -7226023
-7226023 -7226023 -7226023 -7226023 -7226023 -7226023 -7226023 -7226023 -7226023
-7226023 -7226023 -7226023 -7226023 -7226023 -7226023 -7226023 -7226023 -7226023
-7226023 -7226023 -7226023 -7226023 -7226023 -7226023 -7226023 -7226023 -7226023
-7226023 -7226023 -7226023 -7226023 -7226023 -7226023 -7226023 -7226023 -7226023
-7226023 -7226023 -7226023 -7226023 -7226023 -7226023 -7226023 -7226023 -7226023
-7226023 -7226023 -7226023 -7226023 -7226023 -7226023 -7226023 -7226023 -7226023
-7226023 -7226023 -7226023 -7226023 -7226023 -7226023 -7226023 -7226023 -7226023
-7226023 -7226023 -7226023 -7226023 -7226023 -7226023 -7226023 -7226023 -7226023
-7226023 -7226023 -7226023 -7226023 -7226023 -7226023 -7226023 -7226023 -7226023
-7226023 -7226023 -7226023 -7226023 -7226023 -7226023 -7226023 -7226023 -7226023
-7226023 -7226023 -7226023 -7226023 -7226023 -7226023 -7226023 -7226023 -7226023
-7226023 -7226023 -7226023 -7226023 -7226023 -7226023 -7226023 -7226023 -7226023
-7226023 -7226023 -7226023 -7226023 -7226023 -7226023 -7226023 -7226023 -7226023
-7226023 -7226023 -7226023 -7226023 -7226023 -7226023 -7226023 -7226023 -7226023
-7226023 -7226023 -7226023 -7226023 -7226023 -7226023 -7226023 -7226023 -7226023
-7226023 -7226023 -7226023 -7226023 -7226023 -7226023 -7226023 -7226023 -7226023
-7226023 -7226023 -7226023 -7226023 -7226023 -7226023 -7226023 -7226023 -7226023
-7226023 -7226023 -7226023 -7226023 -7226023 -7226023 -7226023 -7226023 -7226023
-7226023 -7226023 -7226023 -7226023 -7226023 -7226023 -7226023 -7226023 -7226023
-7226023 -7226023 -7226023 -7226023 -7226023 -7226023 -7226023 -7226023 -7226023
-7226023 -7226023 -7226023 -7226023 -7226023 -7226023 -7226023 -7226023 -7226023
-7226023 -7226023 -7226023 -7226023 -7226023 -7226023 -7226023 -7226023 -7226023
-7226023 -7226023 -7226023 -7226023 -7226023 -7226023 -7226023 -7226023 -7226023
-7226023 -7226023 -7226023 -7226023 -7226023 -7226023 -7226023 -7226023 -7226023
-7226023 -7226023 -7226023 -7226023 -7423631 -7423631 -7226023 -7423631 -7423631
-7423631 -7423631 -7423631 -7423631 -7423631 -7423631 -7423631 -7423631 -7423631
-7423631 -7423631 -7423631 -7423631 -7423631 -7423631 -7423631 -7423631 -7423631
-7423631 -7423631 -7423631 -7423631 -7423631 -7423631 -7423631 -7423631 -7423631
-7226023 -7226023 -7226023 -7226023 -7226023 -7226023 -7226023 -7226023 -7226023
-7226023 -7226023 -7226023 -7226023 -7226023 -7226023 -7226023 -7226023 -7226023
-7226023 -7226023 -7226023 -7226023 -7226023 -7226023 -7226023 -7226023 -7226023
-7226023 -7226023 -7226023 -7226023 -7226023 -7226023 -7226023 -7226023 -7226023
-7226023 -7226023 -7226023 -7226023 -7226023 -7226023 -7226023 -7226023 -7226023
-7226023 -7226023 -7226023 -7226023 -7226023 -7226023 -7226023 -7226023 -7226023
-7226023 -7226023 -7226023 -7226023 -7226023 -7226023 -7226023 -7226023 -7226023
-7226023 -7226023 -7226023 -7226023 -7226023 -7226023 -7226023 -7226023 -7226023
-7226023 -7226023 -7226023 -7226023 -7226023 -7226023 -7226023 -7226023 -7226023
-7226023 -7226023 -7226023 -7226023 -7226023 -7226023 -7226023 -7226023 -7226023
-7226023 -7226023 -7226023 -7226023 -7226023 -7226023 -7226023 -7226023 -7226023
-7226023 -7226023 -7226023 -7226023 -7226023 -7226023 -7226023 -7226023 -7226023
-7226023 -7226023 -7226023 -7226023 -7226023 -7226023 -7226023 -7226023 -7226023
-7226023 -7226023 -7226023 -7226023 -7226023 -7226023 -7226023 -7226023 -7226023
-7226023 -7226023 -7226023 -7226023 -7226023 -7226023 -7226023 -7226023 -7226023
-7226023 -7226023 -7226023 -7226023 -7226023 -7226023 -7226023 -7226023 -7226023
-7226023 -7226023 -7226023 -7226023 -7226023 -7226023 -7226023 -7226023 -7226023
-7226023 -7226023 -7226023 -7226023 -7226023 -7226023 -7226023 -7226023 -7226023
-7226023 -7226023 -7226023 -7226023 -7226023 -7226023 -7226023 -7226023 -7226023
-7226023 -7226023 -7226023 -7226023 -7226023 -7226023 -7226023 -7226023 -7226023
-7226023 -7226023 -7226023 -7226023 -7226023 -7226023 -7226023 -7226023 -7226023
-7226023 -7226023 -7226023 -7226023 -7226023 -7226023 -7226023 -7226023 -7226023
-7226023 -7226023 -7226023 -7226023 -7226023 -7226023 -7226023 -7226023 -7226023
-7226023 -7226023 -7226023 -7226023 -7226023 -7226023 -7226023 -7226023 -7226023
-7226023 -7226023 -7226023 -7226023 -7226023 -7226023 -7226023 -7226023 -7226023
-7226023 -7226023 -7226023 -7226023 -7226023 -7226023 -7226023 -7226023 -7423631
-7226023 -7423631 -7423631 -7226023 -7423631 -7423631 -7226023 -7423631 -7423631
-7226023 -7226023 -7226023 -7226023 -7226023 -7226023 -7226023 -7226023 -7226023
-7226023 -7226023 -7226023 -7226023 -7226023 -7226023 -7226023 -7226023 -7226023
-7226023 -7226023 -7226023 -7226023 -7226023 -7226023 -7423631 -7423631 -7423631
-7423631 -7423631 -7423631 -7423631 -7423631 -7423631 -7423631 -7423631 -7423631
-7423631 -7423631 -7423631 -7423631 -7423631 -7423631 -7423631 -7423631 -7423631
-7423631 -7423631 -7423631 -7423631 -7423631 -7423631 -7423631 -7423631 -7423631
-7226023 -7226023 -7226023 -7226023 -7226023 -7226023 -7226023 -7226023 -7226023
-7226023 -7226023 -7226023 -7226023 -7226023 -7226023 -7226023 -7226023 -7226023
-7226023 -7226023 -7226023 -7226023 -7226023 -7226023 -7226023 -7226023 -7226023
-7226023 -7226023 -7226023 -7226023 -7226023 -7226023 -7226023 -7226023 -7226023
-7226023 -7226023 -7226023 -7226023 -7226023 -7226023 -7226023 -7226023 -7226023
-7226023 -7226023 -7226023 -7226023 -7226023 -7226023 -7226023 -7226023 -7226023
-7226023 -7226023 -7226023 -7226023 -7226023 -7226023 -7226023 -7226023 -7226023
-7226023 -7226023 -7226023 -7226023 -7226023 -7226023 -7226023 -7226023 -7226023
-7226023 -7226023 -7226023 -7226023 -7226023 -7226023 -7226023 -7226023 -7226023
-7226023 -7226023 -7226023 -7226023 -7226023 -7226023 -7226023 -7226023 -7226023
-7226023 -7226023 -7226023 -7226023 -7226023 -7226023 -7226023 -7226023 -7226023
-7226023 -7226023 -7226023 -7226023 -7226023 -7226023 -7226023 -7226023 -7226023
-7226023 -7226023 -7226023 -7226023 -7226023 -7226023 -7226023 -7226023 -7226023
-7226023 -7226023 -7226023 -7226023 -7226023 -7226023 -7226023 -7226023 -7226023
-7226023 -7226023 -7226023 -7226023 -7226023 -7226023 -7226023 -7226023 -7226023
-7226023 -7226023 -7226023 -7226023 -7226023 -7226023 -7226023 -7226023 -7226023
-7226023 -7226023 -7226023 -7226023 -7226023 -7226023 -7226023 -7226023 -7226023
-7226023 -7226023 -7226023 -7226023 -7226023 -7226023 -7226023 -7226023 -7226023
-7226023 -7226023 -7226023 -7226023 -7226023 -7226023 -7226023 -7226023 -7226023
-7226023 -7226023 -7226023 -7226023 -7226023 -7226023 -7226023 -7226023 -7226023
-7226023 -7226023 -7226023 -7226023 -7226023 -7226023 -7226023 -7226023 -7226023
-7226023 -7226023 -7226023 -7226023 -7226023 -7226023 -7226023 -7226023 -7226023
-7226023 -7226023 -7226023 -7226023 -7226023 -7226023 -7226023 -7226023 -7226023
-7226023 -7226023 -7226023 -7226023 -7226023 -7226023 -7226023 -7226023 -7226023
-7226023 -7226023 -7226023 -7226023 -7226023 -7226023 -7226023 -7226023 -7226023
-7226023 -7226023 -7226023 -7226023 -7226023 -7226023 -7423631 -7226023 -7226023
-7423631 -7423631 -7423631 -7423631 -7423631 -7423631 -7423631 -7423631 -7423631
-7423631 -7423631 -7423631 -7226023 -7423631 -7423631 -7226023 -7423631 -7423631
-7226023 -7423631 -7423631 -7423631 -7423631 -7423631 -7423631 -7423631 -7423631
-7423631 -7423631 -7423631 -7423631 -7423631 -7423631 -7423631 -7423631 -7423631
-7423631 -7423631 -7423631 -7423631 -7423631 -7423631 -7423631 -7423631 -7423631
-7423631 -7423631 -7423631 -7423631 -7423631 -7423631 -7423631 -7423631 -7423631
-7423631 -7423631 -7423631 -7423631 -7423631 -7423631 -7423631 -7423631 -7423631
-7226023 -7226023 -7226023 -7226023 -7226023 -7226023 -7226023 -7226023 -7226023
-7226023 -7226023 -7226023 -7226023 -7226023 -7226023 -7226023 -7226023 -7226023
-7226023 -7226023 -7226023 -7226023 -7226023 -7226023 -7226023 -7226023 -7226023
-7226023 -7226023 -7226023 -7226023 -7226023 -7226023 -7226023 -7226023 -7226023
-7226023 -7226023 -7226023 -7226023 -7226023 -7226023 -7226023 -7226023 -7226023
-7226023 -7226023 -7226023 -7226023 -7226023 -7226023 -7226023 -7226023 -7226023
-7226023 -7226023 -7226023 -7226023 -7226023 -7226023 -7226023 -7226023 -7226023
-7226023 -7226023 -7226023 -7226023 -7226023 -7226023 -7226023 -7226023 -7226023
-7226023 -7226023 -7226023 -7226023 -7226023 -7226023 -7226023 -7226023 -7226023
-7226023 -7226023 -7226023 -7226023 -7226023 -7226023 -7226023 -7226023 -7226023
-7226023 -7226023 -7226023 -7226023 -7226023 -7226023 -7226023 -7226023 -7226023
-7226023 -7226023 -7226023 -7226023 -7226023 -7226023 -7226023 -7226023 -7226023
-7226023 -7226023 -7226023 -7226023 -7226023 -7226023 -7226023 -7226023 -7226023
-7226023 -7226023 -7226023 -7226023 -7226023 -7226023 -7226023 -7226023 -7226023
-7226023 -7226023 -7226023 -7226023 -7226023 -7226023 -7226023 -7226023 -7226023
-7226023 -7226023 -7226023 -7226023 -7226023 -7226023 -7226023 -7226023 -7226023
-7226023 -7226023 -7226023 -7226023 -7226023 -7226023 -7226023 -7226023 -7226023
-7226023 -7226023 -7226023 -7226023 -7226023 -7226023 -7226023 -7226023 -7226023
-7226023 -7226023 -7226023 -7226023 -7226023 -7226023 -7226023 -7226023 -7226023
-7226023 -7226023 -7226023 -7226023 -7226023 -7226023 -7226023 -7226023 -7226023
-7226023 -7226023 -7226023 -7226023 -7226023 -7226023 -7226023 -7226023 -7226023
-7226023 -7226023 -7226023 -7226023 -7226023 -7226023 -7226023 -7226023 -7226023
-7226023 -7226023 -7226023 -7226023 -7226023 -7226023 -7226023 -7226023 -7226023
-7226023 -7226023 -7226023 -7226023 -7226023 -7226023 -7226023 -7226023 -7226023
-7226023 -7226023 -7226023 -7226023 -7226023 -7226023 -7226023 -7226023 -7226023
-7226023 -7226023 -7226023 -7226023 -7226023 -7226023 -7423631 -7423631 -7423631
-7423631 -7423631 -7423631 -7423631 -7423631 -7423631 -7423631 -7423631 -7423631
-7423631 -7423631 -7423631 -7423631 -7423631 -7423631 -7423631 -7423631 -7423631
-7423631 -7423631 -7423631 -7423631 -7423631 -7423631 -7423631 -7423631 -7423631
-7423631 -7423631 -7423631 -7423631 -7423631 -7423631 -7423631 -7423631 -7423631
-7423631 -7423631 -7423631 -7423631 -7423631 -7423631 -7423631 -7423631 -7423631
-7423631 -7423631 -7423631 -7423631 -7423631 -7423631 -7423631 -7423631 -7423631
-7423631 -7423631 -7423631 -7423631 -7423631 -7423631 -7423631 -7423631 -7423631
-7226023 -7226023 -7226023 -7226023 -7226023 -7226023 -7226023 -7226023 -7226023
-7226023 -7226023 -7226023 -7226023 -7226023 -7226023 -7226023 -7226023 -7226023
-7226023 -7226023 -7226023 -7226023 -7226023 -7226023 -7226023 -7226023 -7226023
-7226023 -7226023 -7226023 -7226023 -7226023 -7226023 -7226023 -7226023 -7226023
-7226023 -7226023 -7226023 -7226023 -7226023 -7226023 -7226023 -7226023 -7226023
-7226023 -7226023 -7226023 -7226023 -7226023 -7226023 -7226023 -7226023 -7226023
-7226023 -7226023 -7226023 -7226023 -7226023 -7226023 -7226023 -7226023 -7226023
-7226023 -7226023 -7226023 -7226023 -7226023 -7226023 -7226023 -7226023 -7226023
-7226023 -7226023 -7226023 -7226023 -7226023 -7226023 -7226023 -7226023 -7226023
-7226023 -7226023 -7226023 -7226023 -7226023 -7226023 -7226023 -7226023 -7226023
-7226023 -7226023 -7226023 -7226023 -7226023 -7226023 -7226023 -7226023 -7226023
-7226023 -7226023 -7226023 -7226023 -7226023 -7226023 -7226023 -7226023 -7226023
-7226023 -7226023 -7226023 -7226023 -7226023 -7226023 -7226023 -7226023 -7226023
-7226023 -7226023 -7226023 -7226023 -7226023 -7226023 -7226023 -7226023 -7226023
-7226023 -7226023 -7226023 -7226023 -7226023 -7226023 -7226023 -7226023 -7226023
-7226023 -7226023 -7226023 -7226023 -7226023 -7226023 -7226023 -7226023 -7226023
-7226023 -7226023 -7226023 -7226023 -7226023 -7226023 -7226023 -7226023 -7226023
-7226023 -7226023 -7226023 -7226023 -7226023 -7226023 -7226023 -7226023 -7226023
-7226023 -7226023 -7226023 -7226023 -7226023 -7226023 -7226023 -7226023 -7226023
-7226023 -7226023 -7226023 -7226023 -7226023 -7226023 -7226023 -7226023 -7226023
-7226023 -7226023 -7226023 -7226023 -7226023 -7226023 -7226023 -7226023 -7226023
-7226023 -7226023 -7226023 -7226023 -7226023 -7226023 -7226023 -7226023 -7226023
-7226023 -7226023 -7226023 -7226023 -7226023 -7226023 -7226023 -7226023 -7226023
-7226023 -7226023 -7226023 -7226023 -7226023 -7226023 -7226023 -7226023 -7226023
-7226023 -7226023 -7226023 -7226023 -7226023 -7226023 -7226023 -7226023 -7226023
-7226023 -7226023 -7423631 -7226023 -7423631 -7423631 -7226023 -7423631 -7423631
-7423631 -7423631 -7423631 -7423631 -7423631 -7423631 -7423631 -7423631 -7423631
-7423631 -7423631 -7423631 -7423631 -7423631 -7423631 -7423631 -7423631 -7423631
-7423631 -7423631 -7423631 -7423631 -7423631 -7423631 -7423631 -7423631 -7423631
-7423631 -7423631 -7423631 -7423631 -7423631 -7423631 -7423631 -7423631 -7423631
-7423631 -7423631 -7423631 -7423631 -7686519 -7686519 -7423631 -7686519 -7686519
-7686519 -7686519 -7686519 -7423631 -7686519 -7686519 -7423631 -7423631 -7423631
-7423631 -7423631 -7423631 -7423631 -7423631 -7423631 -7423631 -7423631 -7686519
-7226023 -7226023 -7226023 -7226023 -7226023 -7226023 -7226023 -7226023 -7226023
-7226023 -7226023 -7226023 -7226023 -7226023 -7226023 -7226023 -7226023 -7226023
-7226023 -7226023 -7226023 -7226023 -7226023 -7226023 -7226023 -7226023 -7226023
-7226023 -7226023 -7226023 -7226023 -7226023 -7226023 -7226023 -7226023 -7226023
-7226023 -7226023 -7226023 -7226023 -7226023 -7226023 -7226023 -7226023 -7226023
-7226023 -7226023 -7226023 -7226023 -7226023 -7226023 -7226023 -7226023 -7226023
-7226023 -7226023 -7226023 -7226023 -7226023 -7226023 -7226023 -7226023 -7226023
-7226023 -7226023 -7226023 -7226023 -7226023 -7226023 -7226023 -7226023 -7226023
-7226023 -7226023 -7226023 -7226023 -7226023 -7226023 -7226023 -7226023 -7226023
-7226023 -7226023 -7226023 -7226023 -7226023 -7226023 -7226023 -7226023 -7226023
-7226023 -7226023 -7226023 -7226023 -7226023 -7226023 -7226023 -7226023 -7226023
-7226023 -7226023 -7226023 -7226023 -7226023 -7226023 -7226023 -7226023 -7226023
-7226023 -7226023 -7226023 -7226023 -7226023 -7226023 -7226023 -7226023 -7226023
-7226023 -7226023 -7226023 -7226023 -7226023 -7226023 -7226023 -7226023 -7226023
-7226023 -7226023 -7226023 -7226023 -7226023 -7226023 -7226023 -7226023 -7226023
-7226023 -7226023 -7226023 -7226023 -7226023 -7226023 -7226023 -7226023 -7226023
-7226023 -7226023 -7226023 -7226023 -7226023 -7226023 -7226023 -7226023 -7226023
-7226023 -7226023 -7226023 -7226023 -7226023 -7226023 -7226023 -7226023 -7226023
-7226023 -7226023 -7226023 -7226023 -7226023 -7226023 -7226023 -7226023 -7226023
-7226023 -7226023 -7226023 -7226023 -7226023 -7226023 -7226023 -7226023 -7226023
-7226023 -7226023 -7226023 -7226023 -7226023 -7226023 -7226023 -7226023 -7226023
-7226023 -7226023 -7226023 -7226023 -7226023 -7226023 -7226023 -7226023 -7226023
-7226023 -7226023 -7226023 -7226023 -7226023 -7226023 -7226023 -7226023 -7226023
-7226023 -7226023 -7226023 -7226023 -7226023 -7226023 -7226023 -7226023 -7423631
-7226023 -7226023 -7423631 -7226023 -7226023 -7423631 -7423631 -7423631 -7423631
-7423631 -7423631 -7423631 -7423631 -7423631 -7423631 -7423631 -7423631 -7423631
-7423631 -7423631 -7423631 -7423631 -7423631 -7423631 -7423631 -7423631 -7423631
-7423631 -7423631 -7423631 -7423631 -7423631 -7423631 -7423631 -7423631 -7423631
-7423631 -7423631 -7423631 -7423631 -7423631 -7423631 -7423631 -7423631 -7423631
-7423631 -7423631 -7423631 -7423631 -7423631 -7423631 -7423631 -7423631 -7423631
-7423631 -7423631 -7423631 -7686519 -7423631 -7423631 -7686519 -7686519 -7423631
-7686519 -7686519 -7423631 -7686519 -7686519 -7423631 -7686519 -7686519 -7686519
-7686519 -7686519 -7686519 -7686519 -7686519 -7686519 -7686519 -7686519 -7686519
-7226023 -7226023 -7226023 -7226023 -7226023 -7226023 -7226023 -7226023 -7226023
-7226023 -7226023 -7226023 -7226023 -7226023 -7226023 -7226023 -7226023 -7226023
-7226023 -7226023 -7226023 -7226023 -7226023 -7226023 -7226023 -7226023 -7226023
-7226023 -7226023 -7226023 -7226023 -7226023 -7226023 -7226023 -7226023 -7226023
-7226023 -7226023 -7226023 -7226023 -7226023 -7226023 -7226023 -7226023 -7226023
-7226023 -7226023 -7226023 -7226023 -7226023 -7226023 -7226023 -7226023 -7226023
-7226023 -7226023 -7226023 -7226023 -7226023 -7226023 -7226023 -7226023 -7226023
-7226023 -7226023 -7226023 -7226023 -7226023 -7226023 -7226023 -7226023 -7226023
-7226023 -7226023 -7226023 -7226023 -7226023 -7226023 -7226023 -7226023 -7226023
-7226023 -7226023 -7226023 -7226023 -7226023 -7226023 -7226023 -7226023 -7226023
-7226023 -7226023 -7226023 -7226023 -7226023 -7226023 -7226023 -7226023 -7226023
-7226023 -7226023 -7226023 -7226023 -7226023 -7226023 -7226023 -7226023 -7226023
-7226023 -7226023 -7226023 -7226023 -7226023 -7226023 -7226023 -7226023 -7226023
-7226023 -7226023 -7226023 -7226023 -7226023 -7226023 -7226023 -7226023 -7226023
-7226023 -7226023 -7226023 -7226023 -7226023 -7226023 -7226023 -7226023 -7226023
-7226023 -7226023 -7226023 -7226023 -7226023 -7226023 -7226023 -7226023 -7226023
-7226023 -7226023 -7226023 -7226023 -7226023 -7226023 -7226023 -7226023 -7226023
-7226023 -7226023 -7226023 -7226023 -7226023 -7226023 -7226023 -7226023 -7226023
-7226023 -7226023 -7226023 -7226023 -7226023 -7226023 -7226023 -7226023 -7226023
-7226023 -7226023 -7226023 -7226023 -7226023 -7226023 -7226023 -7226023 -7226023
-7226023 -7226023 -7226023 -7226023 -7226023 -7226023 -7226023 -7226023 -7226023
-7226023 -7226023 -7226023 -7226023 -7226023 -7226023 -7226023 -7226023 -7423631
-7226023 -7226023 -7423631 -7226023 -7226023 -7423631 -7226023 -7226023 -7423631
-7226023 -7226023 -7423631 -7423631 -7423631 -7423631 -7423631 -7423631 -7423631
-7423631 -7423631 -7423631 -7423631 -7423631 -7423631 -7423631 -7423631 -7423631
-7423631 -7423631 -7423631 -7423631 -7423631 -7423631 -7423631 -7423631 -7423631
-7423631 -7423631 -7423631 -7423631 -7423631 -7423631 -7423631 -7423631 -7423631
-7423631 -7423631 -7423631 -7423631 -7423631 -7423631 -7423631 -7423631 -7423631
-7423631 -7423631 -7423631 -7423631 -7423631 -7423631 -7423631 -7423631 -7423631
-7423631 -7423631 -7423631 -7423631 -7423631 -7423631 -7423631 -7423631 -7423631
-7423631 -7423631 -7423631 -7423631 -7423631 -7423631 -7423631 -7423631 -7423631
-7423631 -7423631 -7423631 -7423631 -7423631 -7686519 -7686519 -7686519 -7686519
-7686519 -7686519 -7686519 -7686519 -7686519 -7686519 -7686519 -7686519 -7686519
-7226023 -7226023 -7226023 -7226023 -7226023 -7226023 -7226023 -7226023 -7226023
-7226023 -7226023 -7226023 -7226023 -7226023 -7226023 -7226023 -7226023 -7226023
-7226023 -7226023 -7226023 -7226023 -7226023 -7226023 -7226023 -7226023 -7226023
-7226023 -7226023 -7226023 -7226023 -7226023 -7226023 -7226023 -7226023 -7226023
-7226023 -7226023 -7226023 -7226023 -7226023 -7226023 -7226023 -7226023 -7226023
-7226023 -7226023 -7226023 -7226023 -7226023 -7226023 -7226023 -7226023 -7226023
-7226023 -7226023 -7226023 -7226023 -7226023 -7226023 -7226023 -7226023 -7226023
-7226023 -7226023 -7226023 -7226023 -7226023 -7226023 -7226023 -7226023 -7226023
-7226023 -7226023 -7226023 -7226023 -7226023 -7226023 -7226023 -7226023 -7226023
-7226023 -7226023 -7226023 -7226023 -7226023 -7226023 -7226023 -7226023 -7226023
-7226023 -7226023 -7226023 -7226023 -7226023 -7226023 -7226023 -7226023 -7226023
-7226023 -7226023 -7226023 -7226023 -7226023 -7226023 -7226023 -7226023 -7226023
-7226023 -7226023 -7226023 -7226023 -7226023 -7226023 -7226023 -7226023 -7226023
-7226023 -7226023 -7226023 -7226023 -7226023 -7226023 -7226023 -7226023 -7226023
-7226023 -7226023 -7226023 -7226023 -7226023 -7226023 -7226023 -7226023 -7226023
-7226023 -7226023 -7226023 -7226023 -7226023 -7226023 -7226023 -7226023 -7226023
-7226023 -7226023 -7226023 -7226023 -7226023 -7226023 -7226023 -7423631 -7423631
-7226023 -7423631 -7423631 -7226023 -7423631 -7423631 -7226023 -7423631 -7423631
-7226023 -7423631 -7423631 -7226023 -7226023 -7423631 -7226023 -7226023 -7423631
-7226023 -7226023 -7423631 -7226023 -7226023 -7423631 -7226023 -7226023 -7423631
-7226023 -7226023 -7423631 -7423631 -7423631 -7423631 -7423631 -7423631 -7423631
-7423631 -7423631 -7423631 -7423631 -7423631 -7423631 -7423631 -7423631 -7423631
-7423631 -7423631 -7423631 -7423631 -7423631 -7423631 -7423631 -7423631 -7423631
-7423631 -7423631 -7423631 -7423631 -7423631 -7423631 -7423631 -7423631 -7423631
-7423631 -7423631 -7423631 -7423631 -7423631 -7423631 -7423631 -7423631 -7423631
-7423631 -7423631 -7423631 -7423631 -7423631 -7423631 -7423631 -7423631 -7423631
-7423631 -7423631 -7423631 -7423631 -7423631 -7423631 -7423631 -7423631 -7423631
-7423631 -7423631 -7423631 -7423631 -7423631 -7423631 -7423631 -7423631 -7423631
-7423631 -7423631 -7423631 -7423631 -7423631 -7423631 -7423631 -7423631 -7423631
-7423631 -7423631 -7423631 -7423631 -7423631 -7423631 -7423631 -7423631 -7423631
-7423631 -7423631 -7423631 -7423631 -7423631 -7423631 -7423631 -7423631 -7423631
-7686519 -7423631 -7423631 -7686519 -7686519 -7423631 -7686519 -7686519 -7686519
-7686519 -7686519 -7686519 -7686519 -7686519 -7686519 -7686519 -7686519 -7686519
-7226023 -7226023 -7226023 -7226023 -7226023 -7226023 -7226023 -7226023 -7226023
-7226023 -7226023 -7226023 -7226023 -7226023 -7226023 -7226023 -7226023 -7226023
-7226023 -7226023 -7226023 -7226023 -7226023 -7226023 -7226023 -7226023 -7226023
-7226023 -7226023 -7226023 -7226023 -7226023 -7226023 -7226023 -7226023 -7226023
-7226023 -7226023 -7226023 -7226023 -7226023 -7226023 -7226023 -7226023 -7226023
-7226023 -7226023 -7226023 -7226023 -7226023 -7226023 -7226023 -7226023 -7226023
-7226023 -7226023 -7226023 -7226023 -7226023 -7226023 -7226023 -7226023 -7226023
-7226023 -7226023 -7226023 -7226023 -7226023 -7226023 -7226023 -7226023 -7226023
-7226023 -7226023 -7226023 -7226023 -7226023 -7226023 -7226023 -7226023 -7226023
-7226023 -7226023 -7226023 -7226023 -7226023 -7226023 -7226023 -7226023 -7226023
-7226023 -7226023 -7226023 -7226023 -7226023 -7226023 -7226023 -7226023 -7226023
-7226023 -7226023 -7226023 -7226023 -7226023 -7226023 -7226023 -7226023 -7226023
-7226023 -7226023 -7226023 -7226023 -7226023 -7226023 -7226023 -7226023 -7226023
-7226023 -7226023 -7226023 -7226023 -7226023 -7226023 -7226023 -7226023 -7226023
-7226023 -7226023 -7226023 -7226023 -7226023 -7226023 -7226023 -7226023 -7226023
-7226023 -7423631 -7423631 -7226023 -7423631 -7423631 -7226023 -7423631 -7423631
-7226023 -7423631 -7423631 -7226023 -7423631 -7423631 -7423631 -7423631 -7423631
-7423631 -7423631 -7423631 -7423631 -7423631 -7423631 -7423631 -7423631 -7423631
-7423631 -7423631 -7423631 -7423631 -7423631 -7423631 -7423631 -7423631 -7423631
-7423631 -7423631 -7423631 -7423631 -7423631 -7423631 -7423631 -7423631 -7423631
-7423631 -7423631 -7423631 -7423631 -7423631 -7423631 -7423631 -7423631 -7423631
-7423631 -7423631 -7423631 -7423631 -7423631 -7423631 -7423631 -7423631 -7423631
-7423631 -7423631 -7423631 -7423631 -7423631 -7423631 -7423631 -7423631 -7423631
-7423631 -7423631 -7423631 -7423631 -7423631 -7423631 -7423631 -7686519 -7686519
-7686519 -7686519 -7686519 -7423631 -7686519 -7686519 -7423631 -7423631 -7686519
-7423631 -7423631 -7686519 -7423631 -7423631 -7686519 -7423631 -7686519 -7686519
-7423631 -7423631 -7686519 -7423631 -7423631 -7686519 -7423631 -7423631 -7686519
-7423631 -7686519 -7686519 -7686519 -7686519 -7686519 -7686519 -7686519 -7686519
-7423631 -7686519 -7686519 -7423631 -7686519 -7686519 -7423631 -7423631 -7423631
-7423631 -7423631 -7423631 -7423631 -7423631 -7423631 -7423631 -7423631 -7423631
-7423631 -7423631 -7423631 -7423631 -7423631 -7423631 -7423631 -7423631 -7423631
-7423631 -7423631 -7686519 -7423631 -7686519 -7686519 -7686519 -7686519 -7686519
-7686519 -7686519 -7686519 -7686519 -7686519 -7686519 -7686519 -7686519 -7686519
-7226023 -7226023 -7226023 -7226023 -7226023 -7226023 -7226023 -7226023 -7226023
-7226023 -7226023 -7226023 -7226023 -7226023 -7226023 -7226023 -7226023 -7226023
-7226023 -7226023 -7226023 -7226023 -7226023 -7226023 -7226023 -7226023 -7226023
-7226023 -7226023 -7226023 -7226023 -7226023 -7226023 -7226023 -7226023 -7226023
-7226023 -7226023 -7226023 -7226023 -7226023 -7226023 -7226023 -7226023 -7226023
-7226023 -7226023 -7226023 -7226023 -7226023 -7226023 -7226023 -7226023 -7226023
-7226023 -7226023 -7226023 -7226023 -7226023 -7226023 -7226023 -7226023 -7226023
-7226023 -7226023 -7226023 -7226023 -7226023 -7226023 -7226023 -7226023 -7226023
-7226023 -7226023 -7226023 -7226023 -7226023 -7226023 -7226023 -7226023 -7226023
-7226023 -7226023 -7226023 -7226023 -7226023 -7226023 -7226023 -7226023 -7226023
-7226023 -7226023 -7226023 -7226023 -7226023 -7226023 -7226023 -7226023 -7226023
-7226023 -7226023 -7226023 -7226023 -7226023 -7226023 -7226023 -7226023 -7226023
-7226023 -7226023 -7226023 -7226023 -7226023 -7423631 -7226023 -7226023 -7423631
-7226023 -7226023 -7423631 -7226023 -7226023 -7423631 -7226023 -7226023 -7423631
-7226023 -7226023 -7423631 -7226023 -7226023 -7423631 -7226023 -7226023 -7423631
-7423631 -7423631 -7423631 -7423631 -7423631 -7423631 -7423631 -7423631 -7423631
-7423631 -7423631 -7686519 -7423631 -7686519 -7686519 -7423631 -7686519 -7686519
-7423631 -7423631 -7423631 -7423631 -7423631 -7423631 -7423631 -7423631 -7423631
-7423631 -7423631 -7423631 -7423631 -7423631 -7423631 -7423631 -7423631 -7423631
-7423631 -7423631 -7423631 -7423631 -7423631 -7423631 -7423631 -7423631 -7423631
-7423631 -7423631 -7686519 -7423631 -7423631 -7423631 -7423631 -7423631 -7686519
-7423631 -7423631 -7686519 -7423631 -7686519 -7686519 -7423631 -7686519 -7686519
-7686519 -7686519 -7686519 -7423631 -7686519 -7686519 -7423631 -7686519 -7686519
-7423631 -7686519 -7686519 -7686519 -7686519 -7686519 -7686519 -7686519 -7686519
-7686519 -7686519 -7686519 -7686519 -7686519 -7686519 -7686519 -7686519 -7686519
-7686519 -7686519 -7686519 -7686519 -7686519 -7686519 -7686519 -7686519 -7686519
-7686519 -7686519 -7686519 -7686519 -7686519 -7686519 -7686519 -7686519 -7686519
-7686519 -7686519 -7686519 -7686519 -7686519 -7686519 -7686519 -7686519 -7686519
-7686519 -7686519 -7686519 -7686519 -7423631 -7423631 -7423631 -7423631 -7423631
-7423631 -7423631 -7423631 -7423631 -7423631 -7423631 -7423631 -7423631 -7423631
-7423631 -7423631 -7423631 -7423631 -7423631 -7423631 -7423631 -7423631 -7423631
-7686519 -7686519 -7423631 -7686519 -7686519 -7423631 -7686519 -7686519 -7423631
-7686519 -7423631 -7423631 -7686519 -7686519 -7686519 -7686519 -7686519 -7686519
-7226023 -7226023 -7226023 -7226023 -7226023 -7226023 -7226023 -7226023 -7226023
-7226023 -7226023 -7226023 -7226023 -7226023 -7226023 -7226023 -7226023 -7226023
-7226023 -7226023 -7226023 -7226023 -7226023 -7226023 -7226023 -7226023 -7226023
-7226023 -7226023 -7226023 -7226023 -7226023 -7226023 -7226023 -7226023 -7226023
-7226023 -7226023 -7226023 -7226023 -7226023 -7226023 -7226023 -7226023 -7226023
-7226023 -7226023 -7226023 -7226023 -7226023 -7226023 -7226023 -7226023 -7226023
-7226023 -7226023 -7226023 -7226023 -7226023 -7226023 -7226023 -7226023 -7226023
-7226023 -7226023 -7226023 -7226023 -7226023 -7226023 -7226023 -7226023 -7226023
-7226023 -7226023 -7226023 -7226023 -7226023 -7226023 -7226023 -7226023 -7226023
-7226023 -7226023 -7226023 -7226023 -7226023 -7226023 -7226023 -7226023 -7226023
-7226023 -7226023 -7226023 -7226023 -7226023 -7226023 -7226023 -7226023 -7226023
-7226023 -7226023 -7226023 -7226023 -7226023 -7226023 -7226023 -7226023 -7226023
-7226023 -7226023 -7226023 -7423631 -7226023 -7423631 -7423631 -7423631 -7423631
-7423631 -7423631 -7423631 -7423631 -7423631 -7423631 -7423631 -7423631 -7423631
-7423631 -7423631 -7423631 -7423631 -7423631 -7423631 -7423631 -7423631 -7423631
-7423631 -7423631 -7423631 -7423631 -7423631 -7423631 -7423631 -7423631 -7423631
-7686519 -7423631 -7423631 -7686519 -7686519 -7423631 -7686519 -7686519 -7423631
-7686519 -7686519 -7686519 -7423631 -7686519 -7686519 -7423631 -7686519 -7686519
-7423631 -7686519 -7686519 -7423631 -7686519 -7686519 -7423631 -7686519 -7686519
-7423631 -7686519 -7686519 -7686519 -7686519 -7686519 -7686519 -7686519 -7686519
-7686519 -7686519 -7686519 -7686519 -7686519 -7686519 -7686519 -7686519 -7686519
-7686519 -7686519 -7686519 -7686519 -7686519 -7686519 -7686519 -7686519 -7686519
-7686519 -7686519 -7686519 -7686519 -7686519 -7686519 -7686519 -7686519 -7686519
-7686519 -7686519 -7686519 -7686519 -7686519 -7686519 -7686519 -7686519 -7686519
-7686519 -7686519 -7686519 -7686519 -7686519 -7686519 -7686519 -7686519 -7686519
-7686519 -7686519 -7686519 -7686519 -7686519 -7686519 -7686519 -7686519 -7686519
-7686519 -7686519 -7686519 -7686519 -7686519 -7686519 -7686519 -7686519 -7686519
-7686519 -7686519 -7686519 -7686519 -7686519 -7686519 -7686519 -7686519 -7686519
-7686519 -7686519 -7686519 -7423631 -7423631 -7686519 -7423631 -7423631 -7423631
-7423631 -7423631 -7423631 -7423631 -7423631 -7423631 -7423631 -7423631 -7423631
-7423631 -7423631 -7423631 -7423631 -7423631 -7423631 -7423631 -7423631 -7423631
-7423631 -7423631 -7423631 -7423631 -7423631 -7423631 -7423631 -7423631 -7423631
-7423631 -7423631 -7423631 -7423631 -7423631 -7423631 -7686519 -7686519 -7686519
-7226023 -7226023 -7226023 -7226023 -7226023 -7226023 -7226023 -7226023 -7226023
-7226023 -7226023 -7226023 -7226023 -7226023 -7226023 -7226023 -7226023 -7226023
-7226023 -7226023 -7226023 -7226023 -7226023 -7226023 -7226023 -7226023 -7226023
-7226023 -7226023 -7226023 -7226023 -7226023 -7226023 -7226023 -7226023 -7226023
-7226023 -7226023 -7226023 -7226023 -7226023 -7226023 -7226023 -7226023 -7226023
-7226023 -7226023 -7226023 -7226023 -7226023 -7226023 -7226023 -7226023 -7226023
-7226023 -7226023 -7226023 -7226023 -7226023 -7226023 -7226023 -7226023 -7226023
-7226023 -7226023 -7226023 -7226023 -7226023 -7226023 -7226023 -7226023 -7226023
-7226023 -7226023 -7226023 -7226023 -7226023 -7226023 -7226023 -7226023 -7226023
-7226023 -7226023 -7226023 -7226023 -7226023 -7226023 -7226023 -7226023 -7226023
-7226023 -7226023 -7226023 -7226023 -7226023 -7226023 -7226023 -7226023 -7226023
-7226023 -7226023 -7226023 -7226023 -7226023 -7226023 -7226023 -7423631 -7423631
-7423631 -7423631 -7423631 -7423631 -7423631 -7423631 -7423631 -7423631 -7423631
-7423631 -7423631 -7423631 -7423631 -7423631 -7423631 -7423631 -7423631 -7423631
-7423631 -7423631 -7423631 -7423631 -7423631 -7423631 -7423631 -7423631 -7423631
-7423631 -7423631 -7423631 -7423631 -7423631 -7423631 -7423631 -7686519 -7686519
-7423631 -7686519 -7686519 -7423631 -7686519 -7686519 -7423631 -7686519 -7686519
-7686519 -7686519 -7686519 -7686519 -7686519 -7686519 -7686519 -7686519 -7686519
-7686519 -7686519 -7686519 -7686519 -7686519 -7686519 -7686519 -7686519 -7686519
-7686519 -7686519 -7686519 -7686519 -7686519 -7686519 -7686519 -7686519 -7686519
-7686519 -7686519 -7686519 -7686519 -7686519 -7686519 -7686519 -7686519 -7686519
-7686519 -7686519 -7686519 -7686519 -7686519 -7686519 -7686519 -7686519 -7686519
-7686519 -7686519 -7686519 -7686519 -7686519 -7686519 -7686519 -7686519 -7686519
-7686519 -7686519 -7686519 -7686519 -7686519 -7686519 -7686519 -7686519 -7686519
-7686519 -7686519 -7686519 -7686519 -7686519 -7686519 -7686519 -7686519 -7686519
-7686519 -7686519 -7686519 -7686519 -7686519 -7686519 -7686519 -7686519 -7686519
-7686519 -7686519 -7686519 -7686519 -7686519 -7686519 -7686519 -7686519 -7686519
-7686519 -7686519 -7686519 -7686519 -7686519 -7686519 -7686519 -7686519 -7686519
-7686519 -7686519 -7686519 -7686519 -7686519 -7686519 -7686519 -7686519 -7686519
-7423631 -7686519 -7686519 -7423631 -7423631 -7686519 -7423631 -7423631 -7423631
-7423631 -7423631 -7423631 -7423631 -7423631 -7423631 -7423631 -7423631 -7423631
-7423631 -7423631 -7423631 -7423631 -7423631 -7423631 -7423631 -7423631 -7423631
-7423631 -7423631 -7423631 -7423631 -7423631 -7423631 -7423631 -7423631 -7423631
-7226023 -7226023 -7226023 -7226023 -7226023 -7226023 -7226023 -7226023 -7226023
-7226023 -7226023 -7226023 -7226023 -7226023 -7226023 -7226023 -7226023 -7226023
-7226023 -7226023 -7226023 -7226023 -7226023 -7226023 -7226023 -7226023 -7226023
-7226023 -7226023 -7226023 -7226023 -7226023 -7226023 -7226023 -7226023 -7226023
-7226023 -7226023 -7226023 -7226023 -7226023 -7226023 -7226023 -7226023 -7226023
-7226023 -7226023 -7226023 -7226023 -7226023 -7226023 -7226023 -7226023 -7226023
-7226023 -7226023 -7226023 -7226023 -7226023 -7226023 -7226023 -7226023 -7226023
-7226023 -7226023 -7226023 -7226023 -7226023 -7226023 -7226023 -7226023 -7226023
-7226023 -7226023 -7226023 -7226023 -7226023 -7226023 -7226023 -7226023 -7226023
-7226023 -7226023 -7226023 -7226023 -7226023 -7226023 -7226023 -7226023 -7226023
-7226023 -7226023 -7226023 -7226023 -7226023 -7226023 -7226023 -7226023 -7226023
-7226023 -7226023 -7226023 -7226023 -7226023 -7226023 -7423631 -7423631 -7423631
-7423631 -7423631 -7423631 -7423631 -7423631 -7423631 -7423631 -7423631 -7423631
-7423631 -7423631 -7423631 -7423631 -7226023 -7226023 -7423631 -7226023 -7226023
-7423631 -7226023 -7226023 -7423631 -7423631 -7226023 -7423631 -7423631 -7423631
-7423631 -7423631 -7423631 -7423631 -7423631 -7686519 -7686519 -7686519 -7686519
-7686519 -7686519 -7686519 -7686519 -7686519 -7686519 -7686519 -7686519 -7686519
-7686519 -7686519 -7686519 -7686519 -7686519 -7686519 -7686519 -7686519 -7686519
-7686519 -7686519 -7686519 -7686519 -7686519 -7686519 -7686519 -7686519 -7686519
-7686519 -7686519 -7686519 -7686519 -7686519 -7686519 -7686519 -7686519 -7686519
-7686519 -7686519 -7686519 -7686519 -7686519 -7686519 -7686519 -7686519 -7686519
-7686519 -7686519 -7686519 -7686519 -7686519 -7686519 -7686519 -7686519 -7686519
-7686519 -7686519 -7686519 -7686519 -7686519 -7686519 -7686519 -7686519 -7686519
-7686519 -7686519 -7686519 -7686519 -7686519 -7686519 -7686519 -7686519 -7686519
-7686519 -7686519 -7686519 -7686519 -7686519 -7686519 -7686519 -7686519 -7686519
-7686519 -7686519 -7686519 -7686519 -7686519 -7686519 -7686519 -7686519 -7686519
-7686519 -7686519 -7686519 -7686519 -7686519 -7686519 -7686519 -7686519 -7686519
-7686519 -7686519 -7686519 -7686519 -7686519 -7686519 -7686519 -7686519 -7686519
-7686519 -7686519 -7686519 -7686519 -7686519 -7686519 -7686519 -7686519 -7686519
-7686519 -7686519 -7686519 -7686519 -7686519 -7686519 -7423631 -7423631 -7423631
-7423631 -7423631 -7423631 -7423631 -7423631 -7423631 -7423631 -7423631 -7423631
-7423631 -7423631 -7423631 -7423631 -7423631 -7423631 -7423631 -7423631 -7423631
-7423631 -7423631 -7423631 -7423631 -7423631 -7423631 -7423631 -7423631 -7423631
-7226023 -7226023 -7226023 -7226023 -7226023 -7226023 -7226023 -7226023 -7226023
-7226023 -7226023 -7226023 -7226023 -7226023 -7226023 -7226023 -7423631 -7423631
-7226023 -7226023 -7423631 -7226023 -7226023 -7423631 -7226023 -7226023 -7423631
-7226023 -7226023 -7423631 -7226023 -7226023 -7423631 -7226023 -7226023 -7423631
-7226023 -7423631 -7423631 -7226023 -7423631 -7423631 -7226023 -7226023 -7226023
-7226023 -7226023 -7226023 -7226023 -7226023 -7226023 -7226023 -7226023 -7226023
-7226023 -7226023 -7226023 -7226023 -7226023 -7226023 -7226023 -7226023 -7226023
-7226023 -7226023 -7226023 -7226023 -7226023 -7226023 -7226023 -7226023 -7226023
-7226023 -7226023 -7226023 -7226023 -7226023 -7226023 -7226023 -7226023 -7226023
-7226023 -7226023 -7226023 -7226023 -7226023 -7226023 -7226023 -7226023 -7226023
-7226023 -7226023 -7226023 -7226023 -7423631 -7423631 -7226023 -7423631 -7423631
-7226023 -7423631 -7423631 -7423631 -7423631 -7423631 -7423631 -7423631 -7423631
-7423631 -7423631 -7423631 -7423631 -7423631 -7423631 -7423631 -7423631 -7423631
-7423631 -7423631 -7423631 -7423631 -7423631 -7423631 -7226023 -7423631 -7423631
-7226023 -7226023 -7226023 -7226023 -7226023 -7226023 -7226023 -7226023 -7226023
-7686519 -7686519 -7686519 -7686519 -7686519 -7686519 -7686519 -7686519 -7686519
-7686519 -7686519 -7686519 -7686519 -7686519 -7686519 -7686519 -7686519 -7686519
-7686519 -7686519 -7686519 -7686519 -7686519 -7686519 -7686519 -7686519 -7686519
-7686519 -7686519 -7686519 -7686519 -7686519 -7686519 -7686519 -7686519 -7686519
-7686519 -7686519 -7686519 -7686519 -7686519 -7686519 -7686519 -7686519 -7686519
-7686519 -7686519 -7686519 -7686519 -7686519 -7686519 -7686519 -7686519 -7686519
-7686519 -7686519 -7686519 -7686519 -7686519 -7686519 -7686519 -7686519 -7686519
-7686519 -7686519 -7686519 -7686519 -7686519 -7686519 -7686519 -7686519 -7686519
-7686519 -7686519 -7686519 -7686519 -7686519 -7686519 -7686519 -7686519 -7686519
-7686519 -7686519 -7686519 -7686519 -7686519 -7686519 -7686519 -7686519 -7686519
-7686519 -7686519 -7686519 -7686519 -7686519 -7686519 -7686519 -7686519 -7686519
-7686519 -7686519 -7686519 -7686519 -7686519 -7686519 -7686519 -7686519 -7686519
-7686519 -7686519 -7686519 -7686519 -7686519 -7686519 -7686519 -7686519 -7686519
-7686519 -7686519 -7686519 -7686519 -7686519 -7686519 -7686519 -7686519 -7686519
-7686519 -7686519 -7686519 -7686519 -7686519 -7686519 -7686519 -7686519 -7686519
-7423631 -7423631 -7686519 -7423631 -7423631 -7423631 -7423631 -7423631 -7423631
-7423631 -7423631 -7423631 -7423631 -7423631 -7423631 -7423631 -7423631 -7423631
-7423631 -7423631 -7423631 -7423631 -7423631 -7423631 -7423631 -7423631 -7423631
-7226023 -7226023 -7423631 -7226023 -7226023 -7226023 -7226023 -7226023 -7423631
-7226023 -7423631 -7423631 -7226023 -7423631 -7423631 -7423631 -7423631 -7423631
-7423631 -7423631 -7423631 -7423631 -7423631 -7423631 -7423631 -7423631 -7423631
-7423631 -7423631 -7423631 -7423631 -7423631 -7423631 -7423631 -7423631 -7423631
-7423631 -7423631 -7423631 -7423631 -7226023 -7226023 -7226023 -7226023 -7226023
-7226023 -7226023 -7226023 -7226023 -7226023 -7226023 -7226023 -7226023 -7226023
-7226023 -7226023 -7226023 -7226023 -7226023 -7226023 -7226023 -7226023 -7226023
-7226023 -7226023 -7226023 -7226023 -7226023 -7226023 -7226023 -7226023 -7226023
-7226023 -7226023 -7226023 -7226023 -7226023 -7226023 -7423631 -7423631 -7423631
-7423631 -7423631 -7423631 -7226023 -7423631 -7423631 -7226023 -7423631 -7423631
-7423631 -7423631 -7423631 -7423631 -7423631 -7423631 -7423631 -7423631 -7423631
-7423631 -7423631 -7423631 -7423631 -7423631 -7423631 -7423631 -7423631 -7423631
-7423631 -7423631 -7423631 -7423631 -7423631 -7423631 -7423631 -7423631 -7423631
-7423631 -7423631 -7423631 -7423631 -7423631 -7423631 -7226023 -7423631 -7423631
-7226023 -7226023 -7226023 -7226023 -7226023 -7226023 -7686519 -7686519 -7686519
-7686519 -7686519 -7686519 -7686519 -7686519 -7686519 -7686519 -7686519 -7686519
-7686519 -7686519 -7686519 -7686519 -7686519 -7686519 -7686519 -7686519 -7686519
-7686519 -7686519 -7686519 -7686519 -7686519 -7686519 -7686519 -7686519 -7686519
-7686519 -7686519 -7686519 -7686519 -7686519 -7686519 -7686519 -7686519 -7686519
-7686519 -7686519 -7686519 -7686519 -7686519 -7686519 -7686519 -7686519 -7686519
-7686519 -7686519 -7686519 -7686519 -7686519 -7686519 -7686519 -7686519 -7686519
-7686519 -7686519 -7686519 -7686519 -7686519 -7686519 -7686519 -7686519 -7686519
-7686519 -7686519 -7686519 -7686519 -7686519 -7686519 -7686519 -7686519 -7686519
-7686519 -7686519 -7686519 -7686519 -7686519 -7686519 -7686519 -7686519 -7686519
-7686519 -7686519 -7686519 -7686519 -7686519 -7686519 -7686519 -7686519 -7686519
-7686519 -7686519 -7686519 -7686519 -7686519 -7686519 -7686519 -7686519 -7686519
-7686519 -7686519 -7686519 -7686519 -7686519 -7686519 -7686519 -7686519 -7686519
-7686519 -7686519 -7686519 -7686519 -7686519 -7686519 -7686519 -7686519 -7686519
-7686519 -7686519 -7686519 -7686519 -7686519 -7686519 -7686519 -7686519 -7686519
-7686519 -7686519 -7686519 -7686519 -7686519 -7686519 -7686519 -7686519 -7686519
-7686519 -7686519 -7686519 -7423631 -7423631 -7423631 -7423631 -7423631 -7423631
-7423631 -7423631 -7423631 -7423631 -7423631 -7423631 -7423631 -7423631 -7423631
-7423631 -7423631 -7423631 -7423631 -7686519 -7423631 -7423631 -7686519 -7686519
-7423631 -7423631 -7423631 -7423631 -7423631 -7423631 -7423631 -7423631 -7423631
-7423631 -7423631 -7423631 -7423631 -7423631 -7423631 -7423631 -7423631 -7423631
-7423631 -7423631 -7423631 -7423631 -7423631 -7423631 -7423631 -7423631 -7423631
-7423631 -7423631 -7423631 -7423631 -7423631 -7423631 -7423631 -7423631 -7423631
-7423631 -7423631 -7423631 -7226023 -7423631 -7423631 -7226023 -7423631 -7423631
-7423631 -7423631 -7423631 -7423631 -7423631 -7423631 -7423631 -7423631 -7423631
-7423631 -7423631 -7423631 -7226023 -7226023 -7423631 -7226023 -7226023 -7423631
-7226023 -7423631 -7423631 -7423631 -7423631 -7423631 -7423631 -7423631 -7423631
-7423631 -7423631 -7423631 -7423631 -7423631 -7423631 -7423631 -7423631 -7423631
-7423631 -7423631 -7423631 -7423631 -7423631 -7423631 -7423631 -7423631 -7423631
-7423631 -7423631 -7423631 -7423631 -7423631 -7423631 -7423631 -7423631 -7423631
-7423631 -7423631 -7423631 -7423631 -7423631 -7423631 -7423631 -7423631 -7423631
-7423631 -7423631 -7423631 -7423631 -7423631 -7423631 -7423631 -7423631 -7423631
-7423631 -7423631 -7423631 -7423631 -7423631 -7423631 -7423631 -7423631 -7423631
-7423631 -7423631 -7226023 -7226023 -7226023 -7226023 -7686519 -7226023 -7226023
-7686519 -7226023 -7226023 -7686519 -7226023 -7226023 -7686519 -7226023 -7226023
-7686519 -7226023 -7226023 -7686519 -7686519 -7686519 -7686519 -7686519 -7686519
-7686519 -7686519 -7686519 -7686519 -7686519 -7686519 -7686519 -7686519 -7686519
-7686519 -7686519 -7686519 -7686519 -7686519 -7686519 -7686519 -7686519 -7686519
-7686519 -7686519 -7686519 -7686519 -7686519 -7686519 -7686519 -7686519 -7686519
-7686519 -7686519 -7686519 -7686519 -7686519 -7686519 -7686519 -7686519 -7686519
-7686519 -7686519 -7686519 -7686519 -7686519 -7686519 -7686519 -7686519 -7686519
-7686519 -7686519 -7686519 -7686519 -7686519 -7686519 -7686519 -7686519 -7686519
-7686519 -7686519 -7686519 -7686519 -7686519 -7686519 -7686519 -7686519 -7686519
-7686519 -7686519 -7686519 -7686519 -7686519 -7686519 -7686519 -7686519 -7686519
-7686519 -7686519 -7686519 -7686519 -7686519 -7686519 -7686519 -7686519 -7686519
-7686519 -7686519 -7686519 -7686519 -7686519 -7686519 -7686519 -7686519 -7686519
-7686519 -7686519 -7686519 -7686519 -7686519 -7686519 -7686519 -7686519 -7686519
-7686519 -7686519 -7686519 -7686519 -7686519 -7686519 -7686519 -7686519 -7686519
-7686519 -7686519 -7686519 -7686519 -7686519 -7686519 -7686519 -7686519 -7686519
-7686519 -7423631 -7423631 -7423631 -7423631 -7423631 -7423631 -7423631 -7423631
-7423631 -7423631 -7423631 -7423631 -7423631 -7423631 -7423631 -7423631 -7423631
-7423631 -7423631 -7686519 -7686519 -7686519 -7686519 -7686519 -7686519 -7686519
-7423631 -7423631 -7423631 -7423631 -7423631 -7423631 -7423631 -7423631 -7423631
-7423631 -7423631 -7423631 -7423631 -7423631 -7423631 -7423631 -7423631 -7423631
-7423631 -7423631 -7423631 -7423631 -7423631 -7423631 -7423631 -7423631 -7423631
-7423631 -7423631 -7423631 -7423631 -7423631 -7423631 -7423631 -7423631 -7423631
-7423631 -7423631 -7423631 -7423631 -7423631 -7423631 -7423631 -7423631 -7423631
-7423631 -7423631 -7423631 -7423631 -7423631 -7423631 -7423631 -7423631 -7423631
-7423631 -7423631 -7423631 -7423631 -7423631 -7423631 -7423631 -7423631 -7423631
-7423631 -7423631 -7423631 -7423631 -7423631 -7423631 -7423631 -7423631 -7423631
-7423631 -7423631 -7423631 -7423631 -7423631 -7423631 -7423631 -7423631 -7423631
-7423631 -7423631 -7423631 -7423631 -7423631 -7423631 -7423631 -7423631 -7423631
-7423631 -7423631 -7423631 -7423631 -7423631 -7423631 -7423631 -7423631 -7423631
-7423631 -7423631 -7226023 -7423631 -7423631 -7226023 -7423631 -7423631 -7423631
-7423631 -7423631 -7226023 -7423631 -7226023 -7226023 -7226023 -7226023 -7226023
-7423631 -7226023 -7226023 -7423631 -7226023 -7226023 -7423631 -7226023 -7226023
-7226023 -7226023 -7226023 -7226023 -7226023 -7226023 -7226023 -7226023 -7226023
-7226023 -7226023 -7226023 -7226023 -7226023 -7226023 -7226023 -7226023 -7226023
-7226023 -7226023 -7226023 -7686519 -7226023 -7226023 -7686519 -7686519 -7226023
-7686519 -7686519 -7686519 -7686519 -7686519 -7686519 -7686519 -7686519 -7686519
-7686519 -7686519 -7226023 -7686519 -7686519 -7226023 -7686519 -7686519 -7226023
-7686519 -7226023 -7226023 -7686519 -7226023 -7226023 -7686519 -7226023 -7226023
-7686519 -7226023 -7226023 -7686519 -7686519 -7226023 -7686519 -7226023 -7226023
-7686519 -7226023 -7226023 -7686519 -7226023 -7226023 -7686519 -7226023 -7686519
-7686519 -7686519 -7686519 -7686519 -7686519 -7686519 -7686519 -7686519 -7686519
-7686519 -7686519 -7686519 -7686519 -7686519 -7686519 -7686519 -7686519 -7686519
-7686519 -7686519 -7686519 -7686519 -7686519 -7686519 -7686519 -7686519 -7686519
-7686519 -7686519 -7686519 -7686519 -7686519 -7686519 -7686519 -7686519 -7686519
-7686519 -7686519 -7686519 -7686519 -7686519 -7686519 -7686519 -7686519 -7686519
-7686519 -7686519 -7686519 -7686519 -7686519 -7686519 -7686519 -7686519 -7686519
-7686519 -7686519 -7686519 -7686519 -7686519 -7686519 -7686519 -7686519 -7686519
-7686519 -7686519 -7686519 -7686519 -7686519 -7686519 -7423631 -7423631 -7423631
-7423631 -7423631 -7423631 -7423631 -7423631 -7423631 -7423631 -7423631 -7423631
-7423631 -7423631 -7423631 -7423631 -7423631 -7423631 -7423631 -7423631 -7423631
-7686519 -7423631 -7423631 -7686519 -7423631 -7423631 -7686519 -7686519 -7686519
-7423631 -7423631 -7423631 -7423631 -7423631 -7423631 -7423631 -7423631 -7423631
-7423631 -7423631 -7423631 -7423631 -7423631 -7423631 -7423631 -7423631 -7423631
-7423631 -7423631 -7423631 -7423631 -7423631 -7423631 -7423631 -7423631 -7423631
-7423631 -7423631 -7423631 -7423631 -7423631 -7423631 -7423631 -7423631 -7423631
-7423631 -7423631 -7423631 -7423631 -7423631 -7423631 -7423631 -7423631 -7423631
-7423631 -7423631 -7423631 -7423631 -7423631 -7423631 -7423631 -7423631 -7423631
-7423631 -7423631 -7423631 -7423631 -7423631 -7423631 -7423631 -7423631 -7423631
-7423631 -7423631 -7423631 -7423631 -7423631 -7423631 -7423631 -7423631 -7423631
-7423631 -7423631 -7423631 -7423631 -7423631 -7423631 -7423631 -7423631 -7423631
-7423631 -7423631 -7423631 -7423631 -7423631 -7423631 -7423631 -7423631 -7423631
-7423631 -7423631 -7226023 -7423631 -7226023 -7226023 -7226023 -7226023 -7226023
-7226023 -7226023 -7226023 -7226023 -7226023 -7226023 -7226023 -7226023 -7226023
-7226023 -7226023 -7226023 -7226023 -7226023 -7226023 -7226023 -7226023 -7226023
-7226023 -7226023 -7226023 -7226023 -7226023 -7226023 -7226023 -7226023 -7226023
-7226023 -7226023 -7226023 -7226023 -7226023 -7226023 -7226023 -7226023 -7226023
-7226023 -7226023 -7226023 -7226023 -7226023 -7226023 -7226023 -7226023 -7226023
-7226023 -7226023 -7226023 -7226023 -7226023 -7226023 -7226023 -7226023 -7226023
-7226023 -7226023 -7226023 -7226023 -7226023 -7226023 -7226023 -7226023 -7226023
-7226023 -7226023 -7226023 -7226023 -7226023 -7226023 -7226023 -7226023 -7226023
-7226023 -7226023 -7226023 -7226023 -7226023 -7226023 -7226023 -7226023 -7226023
-7226023 -7226023 -7226023 -7226023 -7226023 -7226023 -7226023 -7226023 -7226023
-7226023 -7226023 -7226023 -7226023 -7226023 -7226023 -7686519 -7686519 -7686519
-7686519 -7686519 -7686519 -7686519 -7686519 -7686519 -7686519 -7686519 -7686519
-7686519 -7686519 -7686519 -7686519 -7686519 -7686519 -7686519 -7686519 -7686519
-7686519 -7686519 -7686519 -7686519 -7686519 -7686519 -7686519 -7686519 -7686519
-7686519 -7686519 -7686519 -7686519 -7686519 -7686519 -7686519 -7686519 -7686519
-7686519 -7686519 -7686519 -7686519 -7686519 -7686519 -7686519 -7686519 -7686519
-7686519 -7686519 -7686519 -7686519 -7686519 -7686519 -7686519 -7686519 -7686519
-7686519 -7686519 -7686519 -7686519 -7686519 -7686519 -7686519 -7686519 -7686519
-7686519 -7686519 -7686519 -7686519 -7686519 -7686519 -7686519 -7686519 -7686519
-7423631 -7423631 -7423631 -7423631 -7423631 -7423631 -7423631 -7423631 -7423631
-7423631 -7423631 -7423631 -7423631 -7423631 -7423631 -7423631 -7423631 -7423631
-7423631 -7423631 -7686519 -7423631 -7686519 -7686519 -7686519 -7686519 -7686519
-7423631 -7423631 -7423631 -7423631 -7423631 -7423631 -7423631 -7423631 -7423631
-7423631 -7423631 -7423631 -7423631 -7423631 -7423631 -7423631 -7423631 -7423631
-7423631 -7423631 -7423631 -7423631 -7423631 -7423631 -7423631 -7423631 -7423631
-7423631 -7423631 -7423631 -7423631 -7423631 -7423631 -7423631 -7423631 -7423631
-7423631 -7423631 -7423631 -7423631 -7423631 -7423631 -7423631 -7423631 -7423631
-7423631 -7423631 -7423631 -7423631 -7423631 -7423631 -7423631 -7423631 -7423631
-7423631 -7423631 -7423631 -7423631 -7423631 -7423631 -7423631 -7423631 -7423631
-7423631 -7423631 -7423631 -7423631 -7423631 -7423631 -7423631 -7423631 -7423631
-7423631 -7423631 -7423631 -7423631 -7423631 -7423631 -7226023 -7226023 -7226023
-7226023 -7226023 -7226023 -7226023 -7226023 -7226023 -7423631 -7226023 -7226023
