4631592498197425169
4641326081878888843
4640431050778863108
4581355912486488488
4580139852664625915
-4633996606801426809
16
0
4631652205088922964
4641565935754344838
4640375675997416219
-4628962823886295870
-4628054605189330770
-4627470570923917098
6
0
4631252538590709073
4641466175751734868
4640401324236816661
4592469297188721700
4594517732435031017
-4650951960705862812
15
0
4631660738475500705
4641528831613988046
4640411947974198556
4594807943950062915
-4626960940027592705
-4628315486441853605
6
0
4631552792259825677
4641284536386373527
4640406711718706342
-4627205723665735042
-4627434482351064637
-4634647996392226498
16
0
4631707021526805802
4641541502969406975
4640434891583186740
-4629670271191545845
-4630688960497802592
4594174544893356266
17
0
4631628307853372706
4641497080898459585
4640366581714329294
4592660814590305905
4594622472626448586
-4627343436364339170
11
0
4631602102188905091
4641595510956270152
4640471132061762571
-4629547448657012441
4594258982735204744
4590999987692417448
5
0
4631426765039164324
4641409651792930984
4640470318676239788
4559773237783809927
4595367820202086427
4595795654709808850
12
0
4631245049509928557
4641256957508502727
4640415523934475191
4595833508103743934
4595013756131285858
4592218744729386809
1
0
4631324626481206671
4641535501252372388
4640345203593196691
-4627286083093217608
-4630976704270363720
-4628367395981356319
8
0
4631338947048434664
4641431283192872810
4640474547541596381
-4632414561946204349
4591386155064540580
4586368374391103468
13
0
4631543398431586632
4641412321337487037
4640414686671214489
4575828728602509627
-4631950054349943478
-4647164969447774745
1
0
4631190761446718846
4641481894570764447
4640447027004885277
4586221872672771995
-4628531559703523207
-4636942915208559986
18
0
4631168967792895562
4641332229973682781
4640471981864502268
-4632989612515641563
-4635733217840766938
4589962112529989802
18
0
4631560828241921741
4641500413029677241
4640466923770039252
4584677888465474803
-4639774258493637764
-4633396404809995247
10
0
4631530942458544202
4641253590422827907
4640444053527218305
4587521273274457644
4590966881632166019
4591475188701330093
16
0
4631612578087269885
4641312795265351249
4640358271615261711
4590689104800939423
4594162201796277419
-4633372085631892979
12
0
4631247473737590139
4641487280290721867
4640397544746380751
4585382429251116043
4594937102122017899
4578869577692278590
9
0
4631305945089591831
4641493703456897630
4640353670976422136
-4632056885660499138
-4628200173060085421
-4632995067407368955
17
0
4631203286597166305
4641554882364652268
4640412929216130366
-4628351923407286598
4566387402833026543
-4628178888292056321
4
0
4631381305318510506
4641582588138622200
4640424924751545080
4586050088912067712
-4628998138318740704
4572609755140919230
3
0
4631699846898847282
4641244241102138833
4640376144770809341
4589432258869230162
-4631757192201663023
-4628046155159647860
1
0
4631525043051231015
4641490215709380965
4640386135974783617
4587242974596138327
-4627451562588509423
-4647103216349164195
17
0
4631432257271828109
4641527901815771703
4640426580376356210
4589529749053832188
-4638107543085930671
-4634429964070970006
1
0
4631304786744542396
4641298955116302329
4640466681796089147
4589966124570809740
4594639793004768199
-4627642430370794226
3
0
4631698728769391916
4641361209744668957
4640365529849214880
-4628516588528265639
4591877477713494431
4589464124606743386
19
0
4631650662561883815
4641427500477562368
4640418923292359475
4585662537744435485
-4632237931587492724
-4627165543256047927
5
0
4631234077081556196
4641420980071435701
4640438760251225165
4593161313843391071
4590654198524125686
-4634258098511285430
19
0
4631450098190630581
4641577084604077570
4640446871443973123
-4628860037311203124
-4647809103709839830
4594836120846114682
8
0
4631567524129239255
4641250366446233904
4640375859537744948
-4644292092903586654
-4635436964817283263
-4629823242821442671
5
0
4631275158734066213
4641367875606471803
4640374040249132444
4579837217344135674
-4631062002830317629
-4633342603925053426
19
0
4631259379478117471
4641567489710264514
4640465165113724053
4594139421753743556
-4633494846707571507
-4636335285462596044
18
0
4631210123046202567
4641516083032581432
4640378928497709837
4590926806666850995
-4636587474645487930
-4632798530477496765
15
0
4631281271873050963
4641355270344369546
4640463259154665366
4594036142472234824
-4629878648302375829
4586953403437837053
5
0
4631645762277930820
4641532662798214948
4640349679907963305
-4631966368057225382
4591128475741564957
-4639644168499421483
18
0
4631358175492000961
4641584320516699270
4640455602319665517
4592323210871762122
-4633708435906686066
-4629350919291458118
6
0
4631157493843968161
4641339024045265554
4640384159464400038
-4628816587452829402
4591888829570918918
4595704406209081683
14
0
4631205241951624095
4641574311647110125
4640396159224067069
4573612376115594754
-4625485715776502655
-4629193492251551706
10
0
4631290887158482878
4641290217061688996
4640458084321627096
-4633517864671253901
-4642753691730692713
4574513443270331055
18
0
4631283266175045092
4641317083621547851
4640401893599482867
4595000345979517472
-4645634122569163431
4594466108092728375
16
0
4631394170333483427
4641478526630039289
4640351924736276709
-4629470893596264623
4589881960289905227
4595217257282555946
19
0
4631243198704821461
4641276784486629963
4640415868915181058
4595260790532111843
-4626149167218057094
-4633855399961640603
20
0
4631202513737079141
4641509869072647390
4640350266906374457
4576317017360294962
-4632917390049447594
4589436986053634804
8
0
4631379581493668587
4641589866373694019
4640385964973415432
-4629067416351200848
-4639109851836378001
4585363119832915592
14
0
4631463203656794126
4641433810685699335
4640440727271250338
4585402953163167880
4595218069275729497
-4636044173137046105
5
0
4631435260303380615
4641474530219582925
4640445518646938170
4595413723375872500
4593985927122087696
4586888715940438764
7
0
4631278773882495723
4641268951774112346
4640482361195040421
4591795413885630926
-4629726328682660197
4595603685977445225
18
0
4631514300520981057
4641516242683718595
4640399238206959905
-4629244974008833962
-4649388814735766921
4593875580018655763
18
0
4631428621685607278
4641440567279677218
4640379514200481815
4595113991626180309
-4632500447200747098
4593839466824258461
4
0
4631472079541082313
4641425478013938636
4640421384176370785
-4631996601173489894
-4646711424902588943
-4628345678318829430
3
0
4631368651934228250
4641395622682648631
4640451111436205237
4595670612352696838
-4639097125180026436
4591100067612285070
10
0
4631287682750068126
4641503994341547681
4640439978831775712
-4628582253206834119
4586387111419525063
-4642494063966737779
15
0
4631308685766306047
4641526102237424050
4640440236067969656
4586489591275361451
-4625623707084253992
4586106200943606373
20
0
4631320850770455693
4641441773472935743
4640395512264400121
-4629984205018708720
4595728590631654364
-4637376175551076571
1
0
4631289302018204475
4641380311681248419
4640351700720291584
-4645043217663487249
4584342732349982689
-4629422567508212759
2
0
4631468315649710594
4641429897662610954
4640381945730554178
-4640383263644197190
-4627194449058692609
4591661651091231157
5
0
4631283203654903520
4641260602583946431
4640478784090642413
-4647569294405143935
4593481790385147470
-4641388230716541773
13
0
4631217998154096558
4641351405901506502
4640409647926139419
4584800318722832819
4581470567387825253
-4628017558908195520
11
0
4631730011541442321
4641331376295697117
4640457284577524140
-4658270239505932993
-4653217218588763098
-4627934511615918068
16
0
4631304753744812776
4641414811147290151
4640444693501331522
4595819607487485483
-4630274801876488397
4593389882458758444
16
0
4631267523677012603
4641341684653059220
4640436078833241653
-4634457162038940018
4578001444335434288
-4643346143337824026
3
0
4631422610164600345
4641363807722396321
4640436011981822009
-4628032884982946361
-4627062720790712979
4594998464150090274
19
0
4631595506176582466
4641544728819415940
4640360203674069568
4595436757920112486
4582910628426891425
4594573707360697195
11
0
4631677763456656355
4641526519399361318
4640393718960192159
-4631925095903762553
4591324015067972093
-4629135106474707703
16
0
4631429470210581837
4641555831519755917
4640357132983857772
4595470064783473605
4594014492472154032
-4633290286647470930
19
0
4631223965472338487
4641501514903128998
4640441223920263927
4567203837005633404
4593828465437258962
4593970154810210152
11
0
4631302450690883111
4641433283728924622
4640375551641405140
-4639311653505587568
-4631909643562798781
-4628296337266150785
7
0
4631370504819411512
4641294868466162059
4640454086615816205
-4629609828191236000
-4630363407041467288
4574941301977614925
17
0
4631397420365655685
4641423166502423868
4640462890712083315
-4628456084093072769
-4628923030834527040
4585875546201008669
19
0
4631425274656989630
4641426771879453030
4640404485061781382
4591584571053643429
-4642162043639480658
4592530931246178117
13
0
4631389391377540446
4641417697818994992
4640464244667080828
4581272234003961356
4592731514427905701
4586394931278655349
20
0
4631374823703513509
4641464099380389019
4640461317038570661
4591881564269563412
-4627917819868320289
-4628489064596416633
16
0
4631368336809570255
4641494720945664519
4640360049870881882
-4628208215987540012
4590877302495670885
4585194236287727999
17
0
4631352733749345710
4641252067484192376
4640360390807522683
4581284076426935933
4594037867871168893
4595421702894526874
8
0
4631281509686241542
4641289701122846752
4640475505036033857
-4642280319050542433
4594681777385620860
4591473397062218340
6
0
4631189581021875713
4641502826148517380
4640359836734237506
-4633178842517720760
4589703780911505189
4592229310013575950
3
0
4631400287107918370
4641341139477945065
4640456944369268826
-4633644926226418072
-4626860244657877560
-4628261075439161245
8
0
4631423708539455665
4641497977629261792
4640381929426836575
4593993066575994210
-4660281104795372420
-4633407613180532962
20
0
4631531591862021459
4641593015438376763
4640371752497340761
4584427100568794130
4593553107999487021
-4628682003758168012
10
0
4631747717616457323
4641461570594886808
4640388287073802630
4591151356389581868
-4629540380040404717
4592652243143483346
8
0
4631422724052912777
4641413249550155254
4640448568329178023
-4633073259499215657
-4629875096134801865
4586328412052323119
4
0
4631703900359897283
4641572736538554188
4640377003691391724
-4629471119102431725
-4627203470063700186
-4635694972950548001
14
0
4631374440192318094
4641489530114339421
4640407755930843739
4590709108416854166
-4631942479416342094
-4627285072466180250
6
0
4631573845922853402
4641561081147390237
4640360594884416880
-4629143808732907384
4585668851676528514
4585755239938332431
18
0
4631288987418401316
4641566624731942769
4640429872825567902
4589974623915791126
-4629577842541365966
4594393997029943788
1
0
4631688928190335984
4641403800006331480
4640359941532652700
-4637925671285026821
-4637707489521992943
-4628158086366410786
8
0
4631615235125398808
4641341063166083367
4640461841660854076
-4632272494396120271
-4629559834911032419
4595505592887342882
12
0
4631259427238418113
4641324134442343924
4640421268204822063
4590217831623014566
4585073667890937780
4596192189225463907
1
0
4631321386808992097
4641268840565107474
4640471505604990412
4592157273148142141
-4631705008293729534
-4636375821231587970
3
0
4631254031767583632
4641389882664807816
4640466160772359605
4592161430082691378
4594899195784791204
-4628746889727717547
4
0
4631592849010538652
4641453387154449853
4640390966999475585
4593680928883712353
4584007395821352497
-4640448287343610891
15
0
4631562540754260112
4641432894226690397
4640417946234830055
4590069081451587387
-4633520545272203913
-4641044563571749281
1
0
4631547425899979971
4641552754950037800
4640473507301037132
-4628279760558525539
-4626828678814005393
-4637698117501970499
10
0
4631702291042153950
4641438377426449522
4640344070471386942
4595846684108938246
-4638033602096549876
-4636697806616463962
16
0
4631477110770807207
4641291197765479532
4640410422830624581
4594279004186639621
4587783238865260941
-4627650664518758250
2
0
4631324693826161611
4641372062198774502
4640410404501121616
4594937218437550495
4593756410414193174
4589914324949706565
14
0
4631653787919684832
4641499498172730865
4640409554204036254
-4635036547226988775
4595486044336003879
-4628956543718180993
11
0
4631675927210653176
4641519397355146108
4640457483691781687
4592053899763675273
-4670807652788465265
4590866596334124148
18
0
4631343182032749583
4641263124907040651
4640358191618914102
4594474348532180638
-4628231243516497915
4589374485805390603
15
0
4631678598035168876
4641339365293227264
4640345690407213750
-4630542216797445995
-4632590611927928336
4588133331703092901
8
0
4631264017271750249
4641360226333408708
4640426945105552333
4588160466306947068
-4628254110078629197
-4628414848970442910
8
0
4631722959356472289
4641483936392521919
4640457172053473180
4585005002077640449
-4626294846235952625
4594529420459236266
17
0
4631639234349471274
4641423361356676491
4640433530599570575
4585269376901283051
-4631929806028536297
-4629190333849152370
2
0
4631347262167133001
4641566649244510348
4640475649021656359
-4636801456581416728
-4627537560427645811
-4647542279018153885
16
0
4631384322378529313
4641435518950143910
4640351972237964873
4591140190957161298
-4630130919858362159
4593940682286287888
19
0
4631587732972498043
4641482451328659363
4640405872864608555
4585279661593211506
4581575532505705004
4592816905895968978
9
0
4631219368022605613
4641244479598277672
4640426145408623191
4575797196363435661
-4628876771634641374
4596026221793444807
5
0
4631611750687350508
4641583445553302331
4640476145550988357
-4631447518207850161
-4631792399857913335
4596184110767354233
4
0
4631275410087281486
4641455978071886430
4640486558685802668
4593224934771100315
-4626862053526789556
4594294635788343957
3
0
4631653204246651280
4641593378783403841
4640339075466504348
4593861962539091069
4590941203675977703
-4627398210706396888
14
0
4631554906439733452
4641352305176017496
4640419588900836593
4591668491364638113
-4632745099790571361
-4641951114864438875
5
0
4631356949295171062
4641400373850313329
4640392356716501984
4595556633900836467
4594545374346611560
-4630913192143077419
2
0
4631615285880301484
4641336601090972063
4640416978776313582
-4634739509050681552
-4632400701887817195
4592280938829150611
16
0
4631666990978824649
4641355422850209099
4640469681576446677
4591662064088567193
4593503837118469017
4576288270829035968
12
0
4631586647643162423
4641383648176834795
4640407462878225130
4595581839278433436
-4640265294849284017
4593957882904638300
11
0
4631223045877677341
4641349380745434583
4640356127543586441
4588407288065599578
4590599383074509736
-4632668594724704849
17
0
4631230350823379217
4641519672424484595
4640436777292274590
-4633528727232066449
-4626059844387337765
4590269046998308584
14
0
4631423674501863607
4641389970436460116
4640460279770923800
4594447517421221257
4594009781516868801
4587250958853872153
19
0
4631739126301509099
4641503385310717873
4640370535078617753
4590379571447457783
-4638479395111919372
-4627867994884579741
13
0
4631212718429115488
4641364019502452732
4640426473454378603
-4631903057439408001
4583764300474133020
4572582747630947756
17
0
4631581134083002116
4641419282331816554
4640376600491582013
4573901712979270888
-4640298561550261710
4596213550596439268
17
0
4631376732890875593
4641271621043887742
4640437046385525717
4593638513552179477
-4633749143710222194
-4631739663386726050
20
0
4631390582443188546
4641531291695651799
4640364411491945188
4595804162686223934
-4633575408830938695
-4635877397941028679
5
0
4631324178798627798
4641321066177174549
4640468785186016776
4587258255022703094
4586538264832430857
4593137382759322866
14
0
4631438622650104299
4641332386012414771
4640400833509777840
-4632641722748862943
4591725088315918126
-4629294543021488860
2
0
4631322370540757332
4641384578120871080
4640409794378461043
-4646858860511515812
-4628085329882748024
-4638920220001273524
18
0
4631282816094719615
4641561569616070392
4640406657739210567
4595245669901327160
-4633147801703401786
4574381196687280779
2
0
4631269422859935044
4641508271842212072
4640424580204634795
4593727754330517038
-4633277485763135937
-4630725742992124914
4
0
4631341846278647776
4641390329263487624
4640407418195000992
-4637134696534501922
-4641801129767277935
4595454768210958069
11
0
4631433663848539177
4641303000449700216
4640406264914289750
4567494475506063327
4591429297395358012
4595841837984851160
12
0
4631357073503651577
4641263842915681173
4640444844524198859
4596028551361300249
4578245844381101183
4595503653595077118
12
0
4631698371791950472
4641452698905935573
4640408850731090841
4592182207680715175
4591115114105275049
4594423707585191394
3
0
4631173399500109790
4641265606621244077
4640367093665913931
-4630067532149693281
-4635646777262567883
4594687657488580269
14
0
4631591783262093310
4641411306340100505
4640391794298623395
-4627738396684552983
-4637574151038739270
4581848644721614323
12
0
4631221724443857333
4641367869512467489
4640377369628587076
-4627833641690604931
-4627019503042376331
-4637778868927868617
19
0
4631411994889047854
4641566094262515510
4640395754586990095
-4627901480879315665
4591097455253795508
-4627382344706735744
19
0
4631548949322209325
4641334021178346848
4640391717233014088
-4627741070512516269
-4637080197395060386
4594867840830012422
1
0
4631209796557169668
4641564944458562022
4640424716221287033
4589457225190738900
-4649420430549235967
4594315748211142021
1
0
4631168815608601041
4641435774824800285
4640366310203937659
-4628210135763443904
-4632822913449563591
4590388256429574376
20
0
4631654528162899673
4641463404061447435
4640477811328771599
-4628010100399937350
-4650249224350914987
-4638213748237276593
17
0
4631252019724420696
4641503592595565524
4640362780642568084
4595412675311225530
-4630413857958065404
-4630821764473541740
14
0
4631463083102183709
4641436671925304453
4640414180544702961
4588157949310513858
-4633188727811827441
-4628945938891165568
11
0
4631656585574938652
4641462520794852872
4640471216688197020
4594063449781313500
-4630707489273741127
4592947277750907632
13
0
4631215534785891649
4641476205445148047
4640460113728921388
-4632699450931215382
4593618123664961426
4595273224181008899
20
0
4631353806705032608
4641549532335405868
4640428980316959674
-4643007567952244657
4593172530620036606
4584254917280793455
4
0
4631538404988488970
4641424550984306515
4640395182425681282
-4634706926393392445
-4630815937829119495
4593919822457870826
6
0
4631539415910153387
4641243046972582417
4640448273240340729
-4627146361964219720
-4634402865649476151
-4627851056046696966
11
0
4631594696038136172
4641414896257986139
4640379888251458090
4595472750853997738
4591507233149115521
-4640150466983814663
11
0
4631719095254111579
4641454320483793144
4640416590507716416
4594437927769065447
-4628526624898915338
4587048453028635390
11
0
4631342828744248337
4641472984549793716
4640462302975677290
-4627751557467862455
-4631949655535966566
4591273945058260940
15
0
4631350258281904250
4641483324947307077
4640418512219876683
-4633467651261380569
-4633745542696176380
4593718220837113097
7
0
4631343889492025970
4641258460661255105
4640487734642166413
4593579100464147948
4592322110515248484
4594187035272948006
12
0
4631213572256579009
4641296894942904973
4640404439150573322
4585427281577684126
-4632687881133712297
4585959731099305460
11
0
4631721593573831712
4641406855769344419
4640404382778164292
4593143116934654733
-4627344077058825729
-4627851276710565780
4
0
4631277258146439320
4641540222135788381
4640434757760356259
-4631335338189027316
-4636103619839251096
-4631079430435379926
8
0
4631541602295636660
4641502418453576053
4640423143385361057
-4633854275362394646
4588517508209364244
4585176975008156909
14
0
4631725125409199700
4641368603865626281
4640394645365770282
4593335723543403997
-4627493276058610121
-4632417538320907442
17
0
4631734566085344475
4641379840836486677
4640391208151123315
4591605831190010832
-4636590371552543775
4596044309046739234
11
0
4631321809536305913
4641444183333941100
4640340599676678568
4589682218128674539
4593847913652498097
-4630630431643196782
2
0
4631626826766981908
4641530996099692462
4640427188310833016
4595080456331230636
-4643212065501418385
-4628289854040738224
2
0
4631531314118706246
4641523018362079792
4640345755995845184
-4637095847611614188
4595483975671850636
-4628448661177837247
7
0
4631660710812462993
4641287069771832304
4640474484026256261
4576203631239199863
-4656483803281177560
-4642423988116619823
7
0
4631498831154755598
4641521810299848668
4640413978843708820
-4627432478966614210
-4626044030138900730
4593867848639085177
13
0
4631355036531027900
4641574761127750271
4640384343440765366
4586791218585164219
-4631899288692116874
4590296999194201485
10
0
4631713205718730977
4641479417660781584
4640357174928886251
-4628145209760367115
4590071866180176811
4586100126314855162
7
0
4631710067301796473
4641405194092917977
4640366763406236006
-4627276547985590025
4584817032845649478
-4627860960020272300
3
0
4631685198639160414
4641524628645623544
4640459141771808510
-4639393955800366719
-4630007176634516084
4593419694705812791
5
0
4631276419074904501
4641252733594386573
4640408893770038058
4594753031530592244
4591518051002675693
4593956229945134132
15
0
4631690203765358159
4641420591519230064
4640441935284021232
4593710553235398048
4584882904627549876
-4629337592971833557
7
0
4631172013386258191
4641299448190317054
4640441274521642493
-4632874156530671936
-4645763668234590525
-4633335225903961132
5
0
4631397808173155258
4641398326110918560
4640372820395274770
-4634991290353484660
-4631567404783995545
-4633986633927463651
10
0
4631511184821314086
4641321377201091430
4640456738953880274
4591988891760104363
4581552057145145548
-4632643331116932453
10
0
4631552496974730349
4641436067439317983
4640450764382575531
4578189109387650020
-4627666503412668684
4592846682307398554
9
0
4631377514513452367
4641309197427192201
4640448282230892584
4594634531782279863
-4627605342766177846
-4629587360107753509
1
0
4631584186135914403
4641281628998721495
4640411344651625151
-4634588067335434423
4571666266373382628
-4628554876387434559
17
0
4631186342204901550
4641382489313588054
4640482554737471699
-4628490761958509438
-4629679525867533365
4593733125948679192
10
0
4631733569758036165
4641538315443594731
4640400769012250376
4594885827048263830
-4638368329259829295
-4640153327128526739
8
0
4631666719796056190
4641323058147295125
4640437509557637003
-4630211273294292276
4593061810398995310
4591237638381232677
17
0
4631557655418058977
4641465948039353421
4640370558008583559
-4628025687610969265
-4626308587983443041
4586885625465363523
8
0
4631236098869424181
4641469288392575886
4640396403480313680
-4632078454302420117
-4629920101920535055
-4628525430754203194
6
0
4631486443992021857
4641302655917757437
4640350242281655736
4587120464978332442
4594817666359188985
-4633415840855580852
12
0
4631366048806376029
4641295116289068098
4640466698387474987
-4631783140236222398
-4627603446983421100
-4630644131789367977
18
0
4631435337536242365
4641500219930112418
4640479211887832346
4581880863460344336
4591964990580121733
4591854476372874994
5
0
4631502394489852040
4641275324435516273
4640410891219542010
4595519722081145800
4590280905893014987
4591020331526928835
12
0
4631567971741449108
4641445298671045856
4640424763274563072
4591694459242956863
4593946780674626343
4587509266821807611
9
0
4631300844754751478
4641363034912167165
4640362946729880066
4589313469561628315
-4632575148654480152
-4630628068994441059
1
0
4631578446224585876
4641320433578051809
4640417033055748075
4593411679254732441
4592917030755695105
4577020558330584275
18
0
4631536829618534384
4641569218534211374
4640455938851442304
-4631474529398438091
-4626141673672241716
4588689122571344389
3
0
4631448439644894405
4641247690855161066
4640375344559728210
-4636666223452167564
4589783368320170904
-4649710911298000546
8
0
4631409599162293050
4641447016227024002
4640479763709977659
4594031861828387285
4592303249730149823
-4629701132283507045
12
0
4631399262355988134
4641261876576972916
4640426261173293313
4576328796177781997
-4629745495088967827
-4629336910863041149
9
0
4631275930695167591
4641578856665677035
4640434459822403511
-4627172097752041457
-4628675560043642841
4592105393408711616
8
0
4631629944219911796
4641307251153689695
4640470067405764527
4584467227913289575
-4629258933583045207
-4627783412800677014
15
0
4631215147549539881
4641445666544458210
4640353617528112015
-4650099104399534036
-4626584783795320146
-4629350577880367135
17
0
4631531734828206206
4641351685392578479
4640364900552864346
-4629055519391447304
4590326513238961241
-4635608859432274659
17
0
4631251981472487627
4641552787936676070
4640347855631765719
-4640052967595627497
-4627080304317416577
4591772056938238101
17
0
4631728568652727760
4641511649446533312
4640425947463485459
-4649188577973752488
4591972305904282499
4595883392662554079
16
0
4631576576322628322
4641553071369509080
4640453189749247460
-4632307468923090413
-4651421801603080222
4591876276186705218
3
0
4631596998018067899
4641332702693998777
4640459377104593136
-4628757914048453636
4592446581665718176
4595199918045266520
19
0
4631607585644770726
4641377630640107360
4640389845405607593
4595390347935707399
4594984983924384380
-4630704479229055080
7
0
4631357235701627523
4641448724693864440
4640392049344328922
4592132364421028557
-4629286157025989584
-4628604357873327833
6
0
4631416801271278486
4641416369542041566
4640406673945386268
4594240014424211282
-4641859078417300166
-4637822433010079195
2
0
4631501400290500937
4641263830626837682
4640421121975223270
-4650074088446979206
-4631376787004893495
-4642922281986469764
13
0
4631208745868968041
4641567080867792773
4640375310851004811
-4630991675943079621
-4627675319597175989
-4627593074939813583
15
0
4631332256704230686
4641454823229058589
4640380970385627222
-4631751356710004278
4581479356211742138
-4634575718944031566
20
0
4631247766771749515
4641363048046530027
4640476591852163443
-4628233779256294233
-4658621931008242105
4593786014826893692
6
0
4631200493785293761
4641435872173095207
4640347002844916672
4586632919629037135
-4629823832340226092
-4645034162385401254
16
0
4631641533499020442
4641407496175134440
4640432260135299843
4587418579845081766
-4638747824420506480
4595570413694905576
19
0
4631544402306829280
4641402365234089422
4640428640927081122
4594247129865083872
-4633628886384182695
4594616229506751420
20
0
4631220956703468063
4641460351687563817
4640371152598949256
-4638506857926808637
4589287605410573818
4592479865247723245
7
0
4631237080454193211
4641288312141581122
4640405894410431277
-4631409503147505307
4584235274946339568
4589245634969943814
5
0
4631680830431288790
4641471443034686245
4640437709713624723
4590754618512471951
-4628495598873123064
-4647657371424939326
13
0
4631686943973925969
4641537428602974403
4640412836173935209
4590969320897697884
-4626206920487111387
4584871438480046284
9
0
4631246746449303548
4641415071579327960
4640346114536506764
4591445573280210245
4587819436960767389
-4627493917998252156
14
0
4631745219444520420
4641270502511631761
4640366919157565805
4592040952611352945
4593863021740258197
-4648824480810300148
6
0
4631596621372390147
4641557451895087829
4640350767631634251
-4629059515149449446
-4626712608187802595
4595715839881588061
8
0
4631744441956102159
4641537883303744031
4640459267062030569
4587263571489641003
-4632161784617286357
4589225539942564741
12
0
4631381156068143992
4641266565280065826
4640473541281495053
-4631741526079621372
-4629101357493182828
4585526276834658009
17
0
4631271275750231653
4641269028820308954
4640433028365939902
4591874664739253553
-4629594709623241852
4594956609720836265
5
0
4631197467895144836
4641369403350381793
4640485903397523208
4590552856700450484
-4628766697378355165
4595814595170797793
20
0
4631510444498266525
4641408325746623851
4640443432786126732
4588395620902670122
-4629242138464607604
4587042072221942088
15
0
4631691874850105551
4641483929509363435
4640399620540294857
4591046690823462657
4591568308099968685
-4631586809799091478
10
0
4631322984657286221
4641270867566950541
4640480731061033757
4592454983211881482
4583706625873355436
4571311715220414230
9
0
4631575378384371819
4641345975657946544
4640473840760607333
4592296152298298418
-4647820613420541004
4594685752511155561
17
0
4631554783154265596
4641504024103428727
4640460043532721948
-4628081196599119728
4592017514012660517
-4638652823633540066
3
0
4631265787121261650
4641286538097576356
4640464118129264087
4595664472000235936
-4629750478770983454
-4630730310852019490
3
0
4631615768194256857
4641280107172265889
4640450351901183978
-4636236946027617712
-4638558623239187195
4591255518554298505
14
0
4631432284716026390
4641453093027341696
4640400363164093640
4592258457836167895
4586343124648730304
4593084333591346268
20
0
4631699814668124938
4641453065018371737
4640458573614238657
4578562560165519862
4576285729308833248
4594604490091347372
5
0
4631255663985770703
4641471873886443297
4640423776251916623
4571330274657546553
4589472628356231215
-4630126206909070926
18
0
4631384837335039324
4641495912814312627
4640479443187075864
-4637302126393189671
4567634001088671764
-4643148355196668436
12
0
4631498924515720644
4641481737300368536
4640463857076025638
-4628677399290638638
-4628207960580404483
4582637790508450073
15
0
4631396618806948957
4641423362741389453
4640424172364032258
-4643044025801718513
-4633791383586158487
-4637475361628351912
4
0
4631720331860684279
4641468373666043315
4640423993160494189
4588879433024623292
4588513599150516444
4583517761098674954
10
0
4631696530344348174
4641383063240114033
4640371212213328785
-4650696582486803784
-4628176386939814266
4593102318522121893
7
0
4631565005313611673
4641450081260903317
4640390083192609082
-4631502637143150783
-4628218741318540459
-4630397431289324057
4
0
4631438202459654556
4641252745493388931
4640442466593597690
4589870021192313367
4589737533302292434
4593461702233597214
19
0
4631715876926961350
4641243892479872209
4640404798254499638
4586447179703697284
-4632624074129582522
4594852941629376931
19
0
4631384242956710102
4641405416747823796
4640368288834171702
4594863211070772514
4593261044406755242
-4629081903708899169
12
0
4631154469558563789
4641326739489449875
4640433762822901334
-4627545047409746817
4580477031508570177
4575497311959826520
9
0
4631323915262268242
4641443989405884837
4640479369659501858
-4636621038897430665
-4628894336417063837
4586937032751774094
12
0
4631568280700950912
4641453717786156391
4640418102410406519
-4627317551360436630
4588141018881458577
4589585075733000167
10
0
4631358239066252260
4641530331403681953
4640431157220743501
4577679446636767103
-4629274143053473181
-4640564261588411561
5
0
4631425175853773284
4641595101652189008
4640406320965081226
-4633082211736476454
4591995587631222402
4595076120871503767
8
0
4631676341061680675
4641531755834500390
4640368478299792774
-4630803810313950602
4588883285836381300
-4636854304610638229
6
0
4631303922212990900
4641537510667143642
4640420701182292108
4586967480628783815
4594073814455620948
-4632026362527178349
9
0
4631470448286478310
4641451665933845403
4640357494086937001
-4629407109614618091
4571543861037224822
4592595524488188849
4
0
4631706481864873949
4641445711312251603
4640473403343404107
4591401527417175807
-4630196649908081238
4581686959971204492
20
0
4631464976134377363
4641526929773422139
4640428269748152722
4591926488119381003
4582080161688114198
-4638567366225677219
14
0
4631599281073846226
4641493189909995992
4640359308283415293
-4633046761749004804
-4632801353094302122
-4629787442201074813
17
0
4631699904408215352
4641350573749027858
4640348348476999448
-4627703873057218438
-4635911903758770678
-4629598154031650677
12
0
4631483368034733826
4641299313237385118
4640457057591692907
4595495087724168503
4593555219872375093
4589537058621317705
9
0
4631520873041329265
4641520991494873981
4640457299286105510
-4628717256237535568
-4631859322220633511
4589686899184696592
6
0
4631676637249986248
4641276046774617408
4640435029350505294
-4631216716697336950
4593691472736151544
4583645539961763968
7
0
4631410080311342773
4641554498336998150
4640346386937400775
4587882248384665713
4594982746870167916
4585169527384016125
1
0
4631353177629692901
4641418981761501349
4640344738437591887
4593432038444571517
-4630331665622975899
-4631090963835957926
19
0
4631394401313665648
4641271564574878209
4640456950467039829
4594298128598280406
4584907363105160742
4595811169816086268
15
0
4631182641584625258
4641575855824259144
4640421376128168492
-4637672129444463661
4586305188111193817
4595000898740604102
14
0
4631406898806502017
4641407510955430904
4640398003933631093
4589761591851509920
-4633797860100467477
-4632038882469910336
3
0
4631266123230973131
4641532920257104182
4640400729442318266
-4628218670003169927
-4633690721770263305
4591689371030672979
3
0
4631603254004221989
4641275735121167306
4640393651992640807
-4630563860545808973
-4651736936049581284
-4635141972184542341
6
0
4631377272715370243
4641335385019040554
4640428358323234877
-4632700585108155947
-4631123515297429328
-4627738718233971912
2
0
4631366480163393444
4641565671062953275
4640392668871116813
-4641204086099074418
-4631607749127985847
-4631714403317058711
10
0
4631284994310221017
4641379267110873946
4640457768902148918
-4630515592583755180
-4646377673400687134
-4639451912714664719
7
0
4631531665734613461
4641550229498112833
4640478304827307983
-4636607684016804845
4585060059014777584
4593850691721470681
18
0
4631467350653466465
4641566380730228551
4640354198393350689
4594216477535221825
-4626507678007341226
-4635639308242792578
15
0
4631639825575368096
4641284419083706357
4640389852129338690
-4632152672624122002
-4628526755570282271
-4630765840247493396
6
0
4631598956112362929
4641476257566766248
4640401425947727684
-4649983099770556688
-4627880070176081306
4560531249951386820
9
0
4631481386743372150
4641465188110114170
4640344438514165193
-4632713386025613247
-4633116832904213212
-4631403997671272673
3
0
4631512490999401672
4641562385829204564
4640473501537210686
4592537731943362796
4580053442305977344
-4634941404964191915
5
0
4631327957028043177
4641548861986240625
4640365408978242081
-4635248430311841811
-4633985389433741070
-4651077476105354525
15
0
4631341079853675994
4641500727893002857
4640397630735040969
-4633861553958499772
-4628543193625308977
4594247453946374131
3
0
4631668653395459758
4641494959660456579
4640446501328509421
-4639501631350160031
-4626883385711029539
-4643645052046871193
9
0
4631432630802161204
4641485030858567839
4640417499906073328
4594637215360730714
4588766162462668480
-4632259010587962373
12
0
4631578418186178212
4641528351999275099
4640362583733980187
4593315219136998405
-4628820063135749038
-4634197483999423330
18
0
4631445038893328574
4641503359516113959
4640384851252553986
4595031982998577420
-4629647891489011951
4594728101422844139
3
0
4631488559929512042
4641506929177900967
4640470997257013466
-4627873283506594735
4592230705365083548
4593672388570187680
16
0
4631408855484204516
4641251919960292531
4640472946903161999
4594936572155255613
-4631550855063939963
-4629533166993165396
8
0
4631661941976718218
4641532609504382571
4640456536778605054
4594407730729868118
4590568531154011118
4582956558208296640
10
0
4631633051529564228
4641521099133777718
4640449397871918584
-4627333528868308079
-4628588156655756242
4586774514780567913
4
0
4631523811211025227
4641547908633084813
4640446264313363293
4583220799266748536
4589894503248025616
4592026195260719183
16
0
4631538317171901180
4641577976258994184
4640414587044256004
-4639453120572128538
4590298422042552051
-4628741795721118333
2
0
4631508968936629510
4641356758066865694
4640391656907745683
4574688220782564442
-4626246845282696014
-4631671203281096826
14
0
4631668169875714047
4641258716107972110
4640366858286414759
-4628262741802541190
-4634143071687818290
-4627453482912029758
18
0
4631260982158442911
4641449212316000300
4640455433299112962
-4629998109650633740
4579966208513661290
4592620058297539218
17
0
4631643964179900806
4641523155029645662
4640346653405361763
-4628638621371924230
-4644163986831622985
4589571239092651839
20
0
4631473637062575063
4641371620109412838
4640481992624688433
-4630133992108189593
4575548176245894783
4593982204907847010
8
0
4631297709894645867
4641594493576580540
4640477020132002981
4585861060872723820
4591921598834848434
4590042568850682709
17
0
4631577777890900018
4641436773758359445
4640345868095191844
4594321329947269207
-4626820411805166694
4585544519866873312
16
0
4631633146693168133
4641537539126520621
4640414946790243209
-4629367862827628366
-4628354016724715510
4589162972190655783
20
0
4631689632915628451
4641331426418997328
4640439323929068281
4594456581154006779
-4626142843875488465
-4639258876244782042
15
0
4631477392708738378
4641269355021989183
4640387917872882654
4590137214580978077
4594918798844803658
4588861749624274685
1
0
4631474130747985894
4641520540873740152
4640363954959218601
-4637730489693319010
4582868672590317206
4582041035554321715
7
0
4631504378847877192
4641578687089414578
4640346511415315067
-4628018134694059323
4593774034717864274
-4628593330075311985
13
0
4631355673974889508
4641312467159507975
4640379146749760104
-4633592656685191640
-4638634813989039956
-4632809963262705750
11
0
4631753352423019125
4641408911637897233
4640406668514655192
4595456664169084236
4585784386690421552
4566709907207951628
19
0
4631488327932356019
4641550439075336483
4640378998505146328
4594916201238247574
-4626655546831941697
-4634037724279910838
8
0
4631621501862132376
4641389477716672691
4640393167099128940
4579622512711409901
4581888581052944902
-4657982118894168187
19
0
4631609796995121653
4641414836294564812
4640443911529460626
4587450521709788112
-4625987766134102217
4590910286703662870
17
0
4631458129946275600
4641331220314929430
4640349071597236085
4570704633580383051
-4627865574591659749
4591905457655747554
9
0
4631244385845773788
4641557503663827085
4640454679126517491
-4638681747802840975
-4629267521550983055
4593921553420576177
10
0
4631735283682017523
4641372857439883756
4640413788108538913
4592007354207721336
4593196268479242516
-4632344958856437167
14
0
4631465288098503731
4641450981857484614
4640366448386733232
-4627399814395713301
4591355498717281600
-4627700423748723689
15
0
4631399247898726587
4641479552970357634
4640372310567722894
-4642259643381693784
-4627770500636438770
-4642271281212364083
9
0
4631432655429770221
4641272577532934438
4640389608313059635
4593877301562654596
4594812669616322332
-4636383869462894102
13
0
4631567204669326491
4641257888756929716
4640402659747158514
4593869515629113957
4586935835477106657
4582013062552199292
6
0
4631557543604949414
4641527411513495220
4640437248734411105
4594059801096558550
-4649046793174165192
4594977985296894162
15
0
4631367882246192838
4641488639372097620
4640354539622222790
-4634367823663311671
-4627813303637263902
-4627520150469793541
14
0
4631666818999974997
4641241851672007981
4640408412951939837
-4627794367637040262
4578133788433193920
-4628729583663435972
13
0
4631322874517223969
4641456875409652842
4640338776539172398
4568383156753090418
-4638285252231707395
-4628865104301912078
20
0
4631459227458990179
4641551339628853911
4640455682371595526
4594845523716241242
-4634350437992224949
4594674821738385974
19
0
4631461519782923617
4641560527951071049
4640382778230677123
-4628652745230824923
-4631577016805752629
-4638588108203887847
4
0
4631648218055749119
4641265754433603651
4640357483785411811
-4635858707007910527
-4629810374010356137
4590092340635772975
14
0
4631346950559709939
4641275069474087105
4640355318199942840
-4629254293516831860
4594465962780649945
4588879486686714500
18
0
4631428659730062792
4641342681456658066
4640366545986493330
4595305912950203844
-4628904681434113480
-4630640107425956474
17
0
4631197037107432870
4641424863597951585
4640406936072068950
-4628695059188566622
4590221985103177076
-4639263223940267492
7
0
4631527977474769083
4641285441761248724
4640360875350781857
-4629870185247542086
4592430215521304417
-4630321587083602476
20
0
4631313622331553128
4641405307291908347
4640356730961623406
4595735102521931817
-4629172376474460079
-4630847845925241741
14
0
4631385676487968378
4641285951540439815
4640386438283627098
-4640569554404770140
-4638212402088464457
4594224315409058209
8
0
4631537045526550310
4641503994039948274
4640439195707594905
4571387133551377555
4594397998862396439
-4633606874794000509
7
0
4631579515960773126
4641306818866245903
4640360861286518817
4594233208357360190
-4632970335818749482
-4633946973878130416
20
0
4631542232216440810
4641360493795658310
4640420420418111521
-4644038622380351145
-4627317844120854907
-4627340389979383815
11
0
4631562265766062085
4641252674279024142
4640394781716929960
4589648867515729493
4584721046335083988
4593768546022738923
12
0
4631441547783036504
4641369759273379908
4640440254375958170
4594133604571593045
4579585748554479008
4590460765317675937
20
0
4631294032797229534
4641544288311926082
4640372732410589253
4594538191572641603
4565585649016764734
4592795998794537562
8
0
4631202597546062484
4641406343981224206
4640378648474274157
-4629743489174662801
4589137204611555362
-4633840384571931459
16
0
4631225100031911740
4641419704354267031
4640376856964811561
4595936716240464287
-4632596307266835881
4590375002997031204
5
0
4631386100324036961
4641457122318016627
4640370932311002431
4594901846496595851
4592967966585004923
4587509005349262066
15
0
4631445555616836693
4641410626635548278
4640454601392370408
-4632782300317750776
-4634431474385852526
4595951966254575748
14
0
4631572808634958847
4641488851259537160
4640480590527895115
4588860577054284409
4584921502712701690
4593176478719215974
3
0
4631212054514162134
4641405206493978503
4640483327733674675
-4631943192505878643
-4629091798713820307
-4641993648966887110
3
0
4631348992350781874
4641275723567051532
4640352852625141959
4592314422239566897
-4627274064385054001
4595453503644985981
14
0
4631525724811472890
4641565966141463553
4640420361479950712
-4633810096452112721
4568570944081475641
4595339377818087864
1
0
4631232768666130750
4641365940872128516
4640404245602700818
4587272002557277003
4594324581209350390
4594831911347994884
15
0
4631669577173756320
4641570761029435047
4640481075935357515
4593355167830926773
-4628318199734995539
-4642598807616953788
11
0
4631711690927363075
4641372265057395161
4640487832775927870
-4630585292926028447
-4627616427706226918
4595029121038595331
11
0
4631668103752523632
4641380317974888665
4640407625506256064
-4634027024420034985
4593906049536032317
-4647446492227733432
9
0
4631207873957022793
4641408506079992956
4640418111622043053
4578292354799314743
4590819348623068270
4588948163321532331
5
0
4631521129869798118
4641287937768827274
4640481229562749880
-4633408629159855485
4593080660105238111
4593811903782743585
7
0
4631611937376425663
4641336236222585063
4640364135132086228
-4631958303571887910
-4627406959454136475
-4628258197900526714
9
0
4631687370653226562
4641454376326745716
4640386615273229754
4595132315496429210
4594831105650084595
4588243760582713409
10
0
4631485486310750409
4641478442420437722
4640456427397948314
-4630500437615874089
-4629628849569085630
4588173329666354348
19
0
4631242960379920288
4641455317927304123
4640439255996443581
-4629301715743483085
4594537057297435551
4595569239617831557
17
0
4631673779789831884
4641557876995847156
4640431007691548702
-4627925972997412348
4585922814257270400
-4635342324966457293
4
0
4631568106357862210
4641304054913645442
4640481809918419337
-4635925291559666258
4590003610088870904
-4635033150179573238
12
0
4631289096228190434
4641265601970819512
4640471607352314856
4594428576680990004
-4629676456450440731
-4630807194431759474
15
0
4631685151070639173
4641566336490492746
4640411519282928763
4595185287482475937
4585238632752717329
-4632450731128328428
20
0
4631656982017388837
4641443954251876609
4640343850350209141
4595352578975490319
-4629280397015696721
-4639653446095655185
4
0
4631489148593645501
4641345433166789361
4640445650950241254
-4632760557576030196
4585699625687653272
-4634884573203424707
3
0
4631365032160561255
4641384905995293947
4640459461553513938
-4633853947024596175
-4639387455123682137
-4627427959044756188
19
0
4631471218941821694
4641372379411355188
4640442401531180606
-4631073766339992985
4594172101244501456
-4635967968307492889
12
0
4631638943742269766
4641378035015184469
4640444308754361078
4593097247857950522
4593744800629864849
-4633245594095027948
1
0
4631383512411849397
4641438846904173561
4640479808706512868
4576211628078563833
4590338144654531834
-4635123860899938116
20
0
4631470021559032645
4641442851684475883
4640466823586188019
-4641862124340765555
4587950808463879864
4589608040801066549
9
0
4631307926326539987
4641546820622976821
4640391610871609420
4590172403718202731
-4627642108225486841
-4630655297431421739
5
0
4631212221867235618
4641397530068323447
4640379878667657760
4589479208038618750
-4628371925449923517
-4631195697364735713
7
0
4631553841836682250
4641284556518431247
4640462596760453730
-4633273979843562768
-4633582795697991613
-4660055051173712670
5
0
4631729032658442826
4641339749672141516
4640483069984085625
4594650002734258847
-4650111152160607085
4593354930620554045
16
0
4631244143419081242
4641402191931880167
4640349068413113163
-4632161552481148549
-4627988681587364449
4591787029231316471
3
0
4631595317998521441
4641273362450192208
4640450299202586626
4584040054426009237
4588665550956844223
4592469265571452588
3
0
4631247167910992823
4641299913275466826
4640453579046461336
4589842461143576309
4582084703534131184
4595971061239968026
8
0
4631164292936123994
4641257649339053335
4640440711209188847
-4627950802998310534
-4625438254035443846
-4632098787018856162
16
0
4631349631745455318
4641451009523091554
4640398884343487396
4591544702428847649
-4643695072106767303
4589974965313543754
6
0
4631424352689775911
4641457458603080726
4640417152801847050
4586519909881266749
4593521402216135957
-4629812042377353275
15
0
4631494012639770875
4641375787630838971
4640364307358101692
-4629190473164745996
-4625801674004541852
-4627471746318004970
16
0
4631670848197063997
4641400038349479053
4640353201704164674
-4634132971857014441
-4635971083095395749
4586274077725732651
1
0
4631647919069560812
4641247144670151304
4640393889304919022
4580730255026791934
4593962258014400058
4579094713782535191
18
0
4631594160077986834
4641518954835899337
4640435082874248303
-4633491878222905386
-4628869337899055122
-4627265261450643897
13
0
4631346904737961775
4641281913127330560
4640343301595466131
4581650915873935135
4591648978084505805
-4627277459906874484
5
0
4631281998963628855
4641384800254567029
4640421083986815265
4582010997583366846
4589490780324726469
4593940318594558870
15
0
4631246970420061480
4641500864278257827
4640388113572787230
4591958252001326285
4590842433835918576
4594989983183273157
8
0
4631359584673525004
4641424884478764089
4640473601864379024
-4631195022839608602
4594686800238624505
4595559675650024663
4
0
4631423171036295826
4641289845615999325
4640453824142717660
-4632766504351257844
-4628362738378723582
4595197191512468878
15
0
4631212936806451159
4641255829071162808
4640430926878912056
4590321934021434552
4595062400533822293
-4636982095984537444
6
0
4631509025196428702
4641374491975210853
4640390207813461386
-4638344688730427629
4591379635741477657
-4628438289006672727
6
0
4631741053647141499
4641372148400705135
4640368699571709180
4592758003998961212
4578879923918741781
4596079855249364470
12
0
4631578974591452838
4641411945233095871
4640474799540765467
4589362142554581025
4589764573661202250
-4627612789933369373
10
0
4631462423023654389
4641428029669154975
4640431456432574555
4594693565010330351
-4626078702188869364
-4635564476975030907
11
0
4631381356115501073
4641445040139713716
4640422967899981132
-4627405912602906061
-4631284683312989768
4593080181513844996
6
0
4631710316028719222
4641591514058833827
4640433883001580648
-4634845218320785213
4589315507002429167
4590868861728671205
17
0
4631440323833957128
4641484255516702052
4640430050675337884
4584725573675731916
4594701878255422820
4592606401094860196
11
0
4631635828022087397
4641432003254982952
4640392858516651252
4585943801231575651
4594544865509864859
-4627356993372739069
17
0
4631607563657955983
4641549099084957041
4640382308804051422
-4634138583793015877
-4626662066985400421
-4631773457272846531
15
0
4631680457542228776
4641314402313328302
4640449216644605013
4586664235262220716
-4641995886130064506
4595973621680131043
3
0
4631595547902744223
4641559884598224269
4640438476554328325
-4639195267133173834
-4634608289121183222
4596089229581748504
16
0
4631472622049978181
4641325884249139622
4640425512898498710
-4628963803518236601
-4633403049512256560
-4648120554414843518
7
0
4631719037350199100
4641471503111102311
4640357153752701926
-4639716897289754057
4585737675727145183
-4648867876044067041
17
0
4631408637131796592
4641498948552007150
4640377915451365536
-4629426284076967473
4593849519318099044
4590680911624617203
10
0
4631227113525805769
4641263919720345654
4640448121703962159
-4631363580833056193
4583004344596800000
-4632200699429273191
7
0
4631416087142330109
4641409355208437140
4640361890217324495
-4633285589347316892
-4629429266702262368
4592400552634044348
11
0
4631403353041269022
4641351993801401545
4640453223757735271
4595119349434076935
-4626661168342577340
4594092167464850806
20
0
4631543924512302654
4641543934203899116
4640347584401049990
-4633696240842908520
-4633430708643558351
-4627972309381745935
14
0
4631640342659357545
4641277172080524289
4640473382026851456
-4628941761324710873
4585030741751283400
4590101817777105740
18
0
4631536400429701848
4641393887359869160
4640446756664644388
-4651327077378395678
-4626832587270267932
-4627333728548591427
8
0
4631633416268134227
4641265226513433329
4640374054948349794
4581308471340853854
-4632965171623572965
4594282113582435823
1
0
4631333004164355537
4641501507829951935
4640487202159985774
-4632173852713689459
-4630280673708199175
4591274631081066815
16
0
4631502692084479296
4641505729814160743
4640350184821520010
4594852607419318169
4594509951644364955
4590793760089761100
15
0
4631396658691739165
4641580777263035625
4640391305346827849
4591687831803894446
4574012897480276917
4594996022762289099
2
0
4631335227422788059
4641379383886767011
4640405872396611018
4595354604911720209
-4633730052557030057
-4630894971362093995
14
0
