4631589658846457001 4641325522209505779 4640433398021219262 4581472212191232512 4585783923458056570 -4633900463846207904 15 64 1058269603 1045220557 1045220557
4631673096322085976 4641572063595598849 4640382385824334738 -4628855860874509221 -4629111009706843611 -4627333153799677140 5 65 1062335157 1045220557 1045220557
4631236983591558777 4641460844804628308 4640401503918520904 4592628580228116442 4596240080946174812 -4650834204616471449 14 76 1066354498 1045220557 1045220557
4631638257912882086 4641536049284184632 4640417815849286028 4594923044320901872 -4628928533692150603 -4628195312474669115 5 78 1069277923 1045220557 1045220557
4631580687240542750 4641291282175278005 4640408845014320802 -4627062901500669587 -4628028656470049860 -4634473236982153664 15 80 1057101417 1045220557 1045220557
4631725092896721520 4641545498233845025 4640429902619832367 -4629577745865816478 -4630567137559093369 4594276718765413130 16 63 1013824610 1045220557 1045220557
4631612371162979870 4641491645578555891 4640373418229860998 4592824006144296800 4595585948639445124 -4627203424659775568 10 65 1058496457 1045220557 1045220557
4631620663125674058 4641590437851254223 4640467975389794925 -4629452416751384905 4595827135195684093 4591129284852904746 4 62 1065487696 1045220557 1045220557
4631426661746280539 4641403473739886814 4640463714289391213 4559908625703328973 4596257665804976973 4595930912423475725 11 83 1057462205 1045220557 1045220557
4631218481080067748 4641251132277588568 4640411760021489304 4595969538334902616 4596216941307701980 4592372914458260877 0 95 1061194077 1045220557 1045220557
4631352201151712016 4641539353149579610 4640351019740826322 -4627144900914872190 -4634786413116118662 -4628248281391498107 7 89 1067664003 1045220557 1045220557
4631351489008979399 4641427934114493429 4640473001096773534 -4632286132392706342 4594561707173000232 4586495059030175079 12 95 1068397935 1045220557 1045220557
4631542233754567124 4641415688266751101 4640415001403701609 4575924138852957312 -4635507437243508249 -4647061838004749184 0 96 1065822597 1045220557 1045220557
4631184721655265748 4641487547130504478 4640448588583251534 4586345567483766765 -4631071866811247510 -4636814990830794560 17 90 1068433534 1045220557 1045220557
4631180363686479509 4641334092915585452 4640469342309852776 -4632872918676629968 -4639518059980155251 4590070228585325408 17 60 1058856149 1045220557 1045220557
4631556327018885064 4641501402117687217 4640469570060735125 4584770073425351431 4571610111803569511 -4633288012846463020 9 68 1062171318 1045220557 1045220557
4631523607824361118 4641250450245827778 4640440660088170947 4587671486439272634 4593748541487236251 4591614183832153655 15 64 1064466458 1045220557 1045220557
4631600570984231545 4641307818601798413 4640360930022894780 4590812057418795162 4595408829533384575 -4633263197359086540 11 80 1061902129 1045220557 1045220557
4631242270445066129 4641481531444939819 4640397064190701676 4585488992580380967 4595517869003008413 4579027046027024359 8 81 1050968164 1045220557 1045220557
4631319199893485466 4641499686240885297 4640356517231939246 -4631921156598069760 -4629734089674507049 -4632878484892569993 16 75 1066508380 1045220557 1045220557
4631226612860890221 4641554814287255300 4640418933210226068 -4628232493050917921 4578383026612177332 -4628055926610241860 3 67 1049084469 1045220557 1045220557
4631375436708256947 4641587775756351970 4640424739163163955 4586170277935439316 -4632167917841717676 4572731382226380442 2 96 1068852192 1045220557 1045220557
4631690344670464649 4641247704124228414 4640382281032453099 4589529561595073127 -4632593581158890185 -4627920484641032564 0 73 1051575537 1045220557 1045220557
4631517985739545642 4641496944477959877 4640386454553301297 4587387508201616653 -4627514085358264720 -4646998824640046464 16 68 1041127275 1045220557 1045220557
4631422560747003542 4641529173258451899 4640428767988854492 4589629041373343127 -4641958022454090112 -4634250755026017964 0 80 1053746475 1045220557 1045220557
4631294220530008637 4641293502536774530 4640473220366387437 4590074322504449748 4595173339657065132 -4627508520578791704 2 91 1050010003 1045220557 1045220557
4631721398682997153 4641357615866664561 4640363138415137750 -4628400518681299764 4593775290065845808 4589562077653127239 18 76 1059369315 1045220557 1045220557
4631645180143395332 4641430723973097186 4640425937077008714 4585774817568001133 -4635969896402658169 -4627021901083419491 4 65 1065640632 1045220557 1045220557
4631217142903832078 4641417995687594630 4640440990679401346 4593334719657913207 4591052084810048516 -4634139699286792643 18 64 1036245945 1045220557 1045220557
4631471399127927411 4641577362155559410 4640441223225257739 -4628750976616251836 4567086775679887975 4594951796255088981 7 65 1048602025 1045220557 1045220557
4631569498759046301 4641252303191602803 4640380286142694154 -4644130331384061388 -4637816248318032339 -4629671173096253673 4 89 1054960156 1045220557 1045220557
4631272995449977686 4641371685003998752 4640376713345912847 4580014433407661261 -4634849321560219206 -4633233113985345971 18 96 1067502229 1045220557 1045220557
4631239563624456553 4641570086952662565 4640466878066685270 4594240878827730357 -4637123397195716544 -4636194960489837619 17 91 1061819658 1045220557 1045220557
4631197642206992979 4641517733159396188 4640381872676998295 4591054610338473981 -4638570462586976749 -4632677937008848521 14 81 1052516742 1045220557 1045220557
4631261867687436516 4641359669343750425 4640461566965603404 4594135491807833791 -4631820081034943212 4587092027433590708 4 65 1060925428 1045220557 1045220557
4631659197482018795 4641529442107569723 4640350685200183422 -4631828791698567683 4594068240250654955 -4639479461579154444 17 97 1066290830 1045220557 1045220557
4631342911640638684 4641586811339098239 4640460438393862671 4592479512560650791 -4635362199899311142 -4629251876586354984 5 88 1053885940 1045220557 1045220557
4631178967971067000 4641335424511241744 4640377646005982338 -4628706640026937480 4592943312670329130 4595837801710260194 13 76 1050746801 1045220557 1045220557
4631204374710086008 4641582999366954329 4640401152173101637 4573754464833688372 -4627150021801724536 -4629091236752842280 9 83 1067687800 1045220557 1045220557
4631301230253626672 4641290835026903828 4640457839451664253 -4633411951477988237 4579912943804672333 4574673921096136397 17 69 1062315965 1045220557 1045220557
4631260018703841851 4641317493696358045 4640396614095637326 4595119372918565021 4583582804495198964 4594574232228369752 15 80 1064997714 1045220557 1045220557
4631413036416375073 4641475927010935936 4640345896718026663 -4629374299343978939 4591672704109217501 4595340710978582149 18 65 1058379704 1045220557 1045220557
4631218913109624576 4641284811082202960 4640418286513303434 4595385132660937884 -4627244234698302652 -4633756375236985523 19 80 1063237951 1045220557 1045220557
4631201227416059443 4641512754030610096 4640347888993977304 4576422392677734759 -4636687728836733164 4589534385252535002 7 68 1063981533 1045220557 1045220557
4631400055824476412 4641590938221221036 4640384668960706201 -4628962587877437101 -4640510235461024550 4585469289092804807 13 98 1040972282 1045220557 1045220557
4631457979912349225 4641427781858304322 4640442512747011271 4585509935347373197 4595467200386210173 -4635897907102200787 4 89 1035113254 1045220557 1045220557
4631410365122561982 4641469729212390460 4640443842573024919 4595541186580105399 4595643985521836527 4587026019784468980 6 96 1066043454 1045220557 1045220557
4631264561922427807 4641273426666159415 4640475948103560775 4591940944217937709 -4629713799702818361 4595735025965692677 17 93 1030925058 1045220557 1045220557
4631534067112414770 4641516471042390526 4640394547159809377 -4629143769157209912 4585030119088056288 4593971652572676571 17 87 1065411493 1045220557 1045220557
4631404921226344204 4641443659977814801 4640374859139852427 4595235337861882349 -4632740227194607417 4593934802375029183 3 60 1040331021 1045220557 1045220557
4631485454491033497 4641425820993529473 4640427221965484496 -4631859641816604512 4586151786620378842 -4628226120511799940 2 67 1067726928 1045220557 1045220557
4631342732801831873 4641396696115427574 4640447904899801446 4595803318184008026 -4652096100189016064 4591231407218129024 9 81 1059689418 1045220557 1045220557
4631310090926279826 4641502443228898568 4640440629136624893 -4628467523454045137 4592047517495604618 -4642387518121858035 14 79 1069206896 1045220557 1045220557
4631302379195319528 4641534652449988812 4640438754936604038 4586618749725990151 -4627250480443308923 4586227535109364384 19 65 1067452939 1045220557 1045220557
4631338236395063316 4641435235914926503 4640396965907614591 -4629806176392508156 4596033476620816933 -4637257093212513081 0 72 1039335506 1045220557 1045220557
4631291089525496454 4641379229800621661 4640356465397590459 -4644896785205777356 4591075545849063863 -4629324987010191893 1 96 1069174927 1045220557 1045220557
4631471968567270514 4641436882642849636 4640378459387336364 -4640233640283634944 -4627395869261621516 4591804451573247527 4 97 1047839533 1045220557 1045220557
4631284361858172537 4641256209363307892 4640479572139785265 -4647474414483830733 4594342811904783447 -4641259116868109606 12 89 1055929856 1045220557 1045220557
4631213374930247765 4641350681782173273 4640415812683728345 4584895002256958765 4584931019978185613 -4627891304793179729 10 71 1050689254 1045220557 1045220557
4631730243816780155 4641331500987961344 4640463532091102644 -4658118015685702451 4584755421528941607 -4627806562659852051 15 97 1063434495 1045220557 1045220557
4631278240722381765 4641419012764672464 4640440346073464727 4595955354032874140 -4631461303051889497 4593567952934360964 15 86 1056003569 1045220557 1045220557
4631276247024439324 4641341258165394481 4640436631405161197 -4634278508054018643 4586874738016798164 -4643188146281443904 2 84 1063031941 1045220557 1045220557
4631447208105692448 4641370923968843366 4640430201989249785 -4627906943644661926 -4627440742788379956 4595117452684493008 18 81 1052382190 1045220557 1045220557
4631570519180777419 4641543825323860633 4640354816948379046 4595564691216627512 4589079040706099924 4594684027397629592 10 69 1063760929 1045220557 1045220557
4631691280915512864 4641523201281996844 4640398770090205390 -4631786677257078336 4591583320821148007 -4629031659430691611 15 69 1026513697 1045220557 1045220557
4631404350454641614 4641551002047411277 4640359832147521029 4595598677811232488 4594899210709795967 -4633179729009259993 18 81 1057724041 1045220557 1045220557
4631223650492668121 4641496870805297347 4640436438630059235 4567307049445587763 4594080962057047133 4594068157460139535 10 94 1038067851 1045220557 1045220557
4631306637534083653 4641436670792708356 4640381438598499279 -4639140160571641932 -4633597576333382211 -4628175772499842457 6 92 1059208600 1045220557 1045220557
4631388817113271480 4641299025936360831 4640453828422168390 -4629516069336088459 -4631219429466979020 4575110511605275751 16 64 1052135239 1045220557 1045220557
4631420331448082730 4641428428964185398 4640461467042138025 -4628338779462916817 -4628853107634969579 4585992173131702618 18 97 1020733897 1045220557 1045220557
4631411482903450501 4641427463541265799 4640400565603061123 4591725798475199018 4575072175859109223 4592691472122256084 12 86 1059885213 1045220557 1045220557
4631386593719055187 4641413678420473920 4640462691606324309 4581386825986234023 4594574157577636756 4586522157894496519 19 93 1063596757 1045220557 1045220557
4631360440047052386 4641470363527165938 4640467011944358882 4592028852771259917 -4628453148109711929 -4628372433037102504 15 76 1055638449 1045220557 1045220557
4631392235886658926 4641491625401125503 4640358795930961908 -4628085852829540731 4593666474294006474 4585296958948008218 16 99 1064073082 1045220557 1045220557
4631349930190418634 4641247214718441965 4640354159060788908 4581398910091074932 4594546948833926103 4595549328945920778 7 72 1049726380 1045220557 1045220557
4631284217403222788 4641284206706205556 4640472112489663814 -4642169411068760806 4594980157354407447 4591612355629013978 5 80 1040453305 1045220557 1045220557
4631200599782969234 4641500315306605779 4640356067557139303 -4633066010511728195 4591413131645389645 4592383695360284868 2 84 1057927100 1045220557 1045220557
4631410376971332470 4641348457490304991 4640462866464503015 -4633541606123591507 -4627529773069851488 -4628139791044430979 7 64 1058115085 1045220557 1045220557
4631404476053041642 4641498020043316308 4640384570133004825 4594091536812525384 4585529013409181984 -4633299449959034009 19 84 1064705111 1045220557 1045220557
4631527222303373059 4641588586684010470 4640377255140734614 4584606077520346701 4595397947332946932 -4628569309728935416 9 71 1066830123 1045220557 1045220557
4631734789253096028 4641466217872901266 4640384307171894918 4591283742704147981 -4633168951943828547 4592815259770158295 7 62 1068544909 1045220557 1045220557
4631433953239342016 4641417650319390000 4640447031839896172 -4632958272739840268 -4631072503442248665 4586454281134254087 3 80 1056225496 1045220557 1045220557
4631722765543928268 4641579712529430593 4640378876160979312 -4629374529452308238 -4627911010671269326 -4635541580388219449 13 68 1058476061 1045220557 1045220557
4631362393222380189 4641492900817785093 4640414650605552164 4590832469271372119 -4633077534207521798 -4627143869662813324 5 64 1055008444 1045220557 1045220557
4631594015755972214 4641559708969821894 4640359201185538518 -4629040539285824581 4590216563593974029 4585869411641565120 17 98 1064536094 1045220557 1045220557
4631278404264803430 4641571234678862448 4640424665179843157 4590082995305282365 -4629854919199924384 4594500649512674744 0 90 1045500269 1045220557 1045220557
4631694195194910963 4641405171111588443 4640365966255707706 -4637817803134202425 -4640647759875449830 -4628034700155914643 7 86 1052309250 1045220557 1045220557
4631628060224390847 4641345691057468511 4640455526318386102 -4632141165507686899 -4633355314462731641 4595634930977740450 11 91 1068971742 1045220557 1045220557
4631248359375591732 4641322910538794536 4640414268674371032 4590331166430272112 4589215772984211101 4596335539472391448 0 74 1060478290 1045220557 1045220557
4631306453668966695 4641272329587628994 4640473208459555931 4592310188356170813 -4633172574223578006 -4636236323518616179 2 71 1057950205 1045220557 1045220557
4631239090342851461 4641384171592399980 4640471598757382636 4592314430126036458 4595865910500127842 -4628635519900656515 3 90 1058468416 1045220557 1045220557
4631574860695386614 4641452347043857835 4640391872129413368 4593773028969457219 4585357964671355079 -4640299990996031027 14 66 1042705161 1045220557 1045220557
4631551769348242827 4641435478664877206 4640418777091682034 4590179380544014874 -4633466567713629862 -4640908436114942476 0 92 1016296536 1045220557 1045220557
4631571039802604383 4641560104417518957 4640474880741080607 -4628158857492390806 -4628424446431663318 -4637585605400909056 9 95 1067129322 1045220557 1045220557
4631675670093140805 4641439667289536870 4640345693111961058 4595982983237900444 4581309684087642420 -4636564880027401152 15 98 1068765499 1045220557 1045220557
4631456738545852526 4641289298845258432 4640416953195657601 4594383309878933835 4591295245616683232 -4627516922770428198 1 75 1064535588 1045220557 1045220557
4631301697979403278 4641367489903220497 4640407788756450676 4595054957060668754 4593913434599533327 4590021465749250755 13 72 1026827695 1045220557 1045220557
4631661933914216970 4641493202310244315 4640414783270466349 -4634869717418072044 4595853770386971008 -4628849452539822846 10 81 1042918166 1045220557 1045220557
4631661200092196761 4641519405560987995 4640454393481546591 4592204705312849447 4584905652738403584 4590993171224642359 17 67 1062483099 1045220557 1045220557
4631322031171228659 4641269076729556890 4640355844847025871 4594582640839892080 -4629657065996341027 4589470609490261763 14 62 1065973499 1045220557 1045220557
4631694871550864116 4641342413067135422 4640343704270785943 -4630375576155647785 -4633946120231226649 4588296035844091943 7 71 1057192742 1045220557 1045220557
4631256045686614469 4641366155369571226 4640432713966642420 4588323724214832813 -4629749579045439001 -4628296702807990990 7 70 1066233098 1045220557 1045220557
4631718132167230854 4641491817820071299 4640451829459340175 4585103862819024000 -4627142073033905960 4594638836682732669 16 96 1060318095 1045220557 1045220557
4631634143712746483 4641426738374589019 4640438526695928902 4585373633041980269 -4636894565973662873 -4629088013893313846 1 68 1067901268 1045220557 1045220557
4631353649443034640 4641573292316902375 4640475940255012729 -4636670645295702636 -4629336520332684565 -4647446847762948838 15 89 1068227848 1045220557 1045220557
4631371416267703500 4641439792256189790 4640347216316904143 4591272349405981389 -4630299961445959241 4594038083456722547 18 77 1039432465 1045220557 1045220557
4631582632087156654 4641481714134709305 4640401810920116101 4585384127625376480 4588996039734232397 4592983282983710176 8 79 1065427525 1045220557 1045220557
4631218211200994682 4641249788156976967 4640419311263444789 4575891963099426432 -4629232641688500977 4596166184953219082 4 85 1051004453 1045220557 1045220557
4631626219951226583 4641586891033312250 4640469154070658850 -4631299353087060560 -4632060709786643404 4596327296147950178 3 78 1041331724 1045220557 1045220557
4631258349114024701 4641463294281722364 4640481450052792832 4593399638970638724 -4628591650369716697 4594399260492607408 2 63 1067904346 1045220557 1045220557
4631634494336904793 4641590251400346877 4640345857399824445 4593957757185636101 4592750725197435399 -4627259316844460934 13 97 1058363176 1045220557 1045220557
4631540947434302260 4641355275976940742 4640420306836262610 4591811431443935104 -4632642432918087769 -4641833488436417600 4 96 1004024526 1045220557 1045220557
4631331484477385822 4641395015358253960 4640396240258382979 4595687013643556967 4595516743893770720 -4630754122419332710 1 85 1058606667 1045220557 1045220557
4631623727871097300 4641339743486829168 4640413183875356079 -4634566617244065875 -4637448474798959027 4592436377824131626 15 60 1067308855 1045220557 1045220557
4631653044782856041 4641351018644870259 4640469361786547868 4591804872999092423 4595345432663693080 4576393059483143424 11 69 1066670771 1045220557 1045220557
4631561082357515630 4641384576100599653 4640402689816880185 4595712733416114522 -4654825421593269248 4594055635107758915 10 94 1058473525 1045220557 1045220557
4631214828336552793 4641346423673180999 4640359136462865265 4588575583147331469 4591374915490998823 -4632545349508580144 16 94 1047035474 1045220557 1045220557
4631240672269605997 4641527788029573078 4640433984808703728 -4633423035723499597 -4627058928238930774 4590383427016289690 13 75 1062141776 1045220557 1045220557
4631402630588327525 4641385145658546273 4640458513453939563 4594555262155772515 4596000360182460730 4587395655403227296 18 60 1067976143 1045220557 1045220557
4631727736093694486 4641504564116475349 4640376848875608689 4590496207064246925 -4650342409954138624 -4627738688445521715 12 71 1060307573 1045220557 1045220557
4631226279810293277 4641363009672191760 4640426288707021743 -4631764189028582803 4589636623349810970 4572703823543272448 16 83 1065416565 1045220557 1045220557
4631580230801218438 4641420206111829876 4640369579674688699 4574049706525570868 4578729395834938343 4596357336789289010 16 69 1065100417 1045220557 1045220557
4631358847661454447 4641274091583779764 4640440518141280096 4593746639022348743 -4642461975243863373 -4631597460406642134 19 94 1067868229 1045220557 1045220557
4631364130983261366 4641533848798280937 4640366238515256935 4595939594031893578 -4637155202402121664 -4635727728334066579 4 74 1061433720 1045220557 1045220557
4631317106260114591 4641319477408721376 4640464563565156578 4587403100473318048 4590465752193485092 4593310300184849492 13 73 1063404598 1045220557 1045220557
4631450711882655098 4641328868061843117 4640405725762495474 -4632517929125601670 4592929970777554951 -4629194349781383534 1 98 1052536582 1045220557 1045220557
4631323705729507405 4641390675345203835 4640410889846821653 -4646749481953421414 -4629009421201282734 -4638740738636238182 17 82 1060787529 1045220557 1045220557
4631258590769892989 4641564339772310427 4640406416987457266 4595369703446151768 -4636561236957712345 4574538975605854362 1 72 1062244850 1045220557 1045220557
4631251247899989107 4641510977383866842 4640428557142336155 4593820810036695314 -4635860423666957721 -4630562847779226352 3 75 1059434949 1045220557 1045220557
4631347901483492935 4641391065881288462 4640401153498933086 -4637010686057538790 4574299658604936397 4595583069064071444 10 89 1060140090 1045220557 1045220557
4631433330767679076 4641299629875820009 4640399614506161935 4567603619338213581 4594253567350380271 4595978038213418028 11 73 1066476202 1045220557 1045220557
4631329727637351991 4641263401206593287 4640438531114220749 4596168562063229391 4580669876042563034 4595632952108120021 11 73 1039640495 1045220557 1045220557
4631683388957784270 4641449484872674371 4640403613479025744 4592335631756260343 4593239087190349463 4594530966405194496 2 71 1060172866 1045220557 1045220557
4631190619055024008 4641267491097489989 4640361593389795251 -4629891204075531408 -4639825096969526412 4594800303036063564 13 67 1059559656 1045220557 1045220557
4631617555024505016 4641412710663051350 4640391023085394873 -4627606445386843734 4580586664550728269 4581975000176473242 11 66 1068921667 1045220557 1045220557
4631247116562597968 4641375028825069165 4640378722951586464 -4627703634166637835 -4627235234782029752 -4637668004813487091 18 92 1048624111 1045220557 1045220557
4631437116602864261 4641562889027709315 4640402552330657123 -4627772857827240281 4594095813600618783 -4627243127049203436 18 94 1066543452 1045220557 1045220557
4631574710426824828 4641335548556551716 4640386037405578120 -4627609173782671536 -4642916037444850253 4594984163584966922 0 79 1059800626 1045220557 1045220557
4631200244571291374 4641565171832705342 4640419586549909863 4589555037432851520 4586137693055138612 4594420803780757570 0 86 1067017357 1045220557 1045220557
4631192707033521876 4641438706855366450 4640363458324724984 -4628087811784506576 -4636817289733881024 4590505069290724026 19 98 1064919754 1045220557 1045220557
4631679216922640395 4641463605626632490 4640479056313297179 -4627883694070615436 4583958703762853351 -4638111759202205491 16 87 1063059091 1045220557 1045220557
4631227128721155581 4641507724928788642 4640366709737934688 4595540117126404816 -4631498529258212617 -4630660828880805929 13 70 1054785076 1045220557 1045220557
4631455114025215563 4641439421690267967 4640419420178761812 4588321155851175444 -4641676081276102540 -4628838631287976901 10 77 1068960727 1045220557 1045220557
4631637072543228274 4641466506827399391 4640467089786427979 4594163356408392160 -4633556515060051043 4593116315486160442 12 74 1065731536 1045220557 1045220557
4631227508967060854 4641471744296975847 4640454029940086438 -4632576835432978089 4595664067308409962 4595397820057524684 19 99 1068186063 1045220557 1045220557
4631356152073038473 4641545293202258905 4640427909374713252 -4642911501770340365 4595565969281028997 4584430380291112500 3 80 1068938370 1045220557 1045220557
4631546879447652786 4641428482982776350 4640390447291279524 -4634533369635234284 -4633671909559462486 4594016797917935739 5 86 1065745310 1045220557 1045220557
4631567547504790900 4641245241335922976 4640454603916753653 -4627002328337036953 -4639768082454197043 -4627721403917406308 10 69 1063170831 1045220557 1045220557
4631569565575601275 4641411486852915602 4640380830478358814 4595601418699469074 4592861095787403885 -4639996092675623040 10 66 1054322698 1045220557 1045220557
4631698089564634685 4641459977961028104 4640414874639607462 4594545476796620301 -4629479918454140045 4587189016810068679 10 60 1061022644 1045220557 1045220557
4631368548048181673 4641476351677765314 4640459009805503075 -4627619874757306312 -4637298570279880646 4591408833179957328 14 82 1068430223 1045220557 1045220557
4631360701451603401 4641485797281390533 4640413977979943230 -4633360713305645337 -4639458979170811648 4593811081982390831 6 83 1065693956 1045220557 1045220557
4631326122671977582 4641254645246662947 4640482733232244609 4593716326222922627 4595199356302444592 4594289464050462765 11 91 1069329961 1045220557 1045220557
4631208324269055701 4641299894252804496 4640402994508226720 4585534760259661715 -4633486213501739049 4586078076087476416 10 67 1050911385 1045220557 1045220557
4631704695662267476 4641413691646428983 4640410713234687364 4593316151384053844 -4627807162060720777 -4627721629084615001 3 65 1054229027 1045220557 1045220557
4631291950983371516 4641541992802003652 4640438558474645842 -4631184883682326361 -4666616556984976179 -4630923753326543990 7 91 1067426289 1045220557 1045220557
4631551274929435203 4641500336609913015 4640421893745624247 -4633755227686756880 4589981960041471901 4585279345397768282 13 63 1052456677 1045220557 1045220557
4631707843635619758 4641375291067052282 4640397779372939188 4593512688736095284 -4627422607801309536 -4632289169509691203 16 69 1027368204 1045220557 1045220557
4631720731960679801 4641381490241615020 4640384355982135779 4591747492491478224 -4658486254191135948 4596184641333772551 10 66 1066466457 1045220557 1045220557
4631311809142954810 4641439519856112179 4640344624102893895 4589784622058929744 4595476718899068640 -4630465591302621136 1 70 1065889573 1045220557 1045220557
4631603259978375311 4641531557022082961 4640433081728411536 4595201118173824202 4585676560985356832 -4628169156963835947 1 86 1068334424 1045220557 1045220557
4631537408036204996 4641516724561001199 4640351491163330026 -4636971044300261619 4595937132704487959 -4628331205059762683 6 65 1046898322 1045220557 1045220557
4631659452738543226 4641287143602743668 4640475143059861316 4576306692556420173 4579423337975130522 -4642316012153741619 6 86 1053981679 1045220557 1045220557
4631525822295802447 4641529941663714385 4640409295500818715 -4627294284456247024 -4627479650069985208 4593963763410002987 12 75 1066290349 1045220557 1045220557
4631348429390741384 4641578153350808598 4640381537030120132 4586926532689186349 -4632762821462693696 4590411949664604868 9 79 1051857773 1045220557 1045220557
4631737355936707509 4641476723421796926 4640355695310850869 -4628021560762248259 4593985130843000187 4586221336508718484 6 64 1068944966 1045220557 1045220557
4631737679978948190 4641404034123081992 4640373084213415250 -4627135171213400758 4590120441658756612 -4627731510012694651 2 61 1065929760 1045220557 1045220557
4631689344475558313 4641528963606255998 4640454779490103987 -4639224142503455526 -4630100338762609705 4593598373594028432 4 67 1036016649 1045220557 1045220557
4631254157391504640 4641249318799361999 4640404122355854577 4594867011240899908 4591724180423815143 4594053948414420143 14 67 1018974763 1045220557 1045220557
4631672097368449468 4641419415139212762 4640446784637793646 4593803257899160407 4586240515300345882 -4629238278301288459 6 81 1046481570 1045220557 1045220557
4631183639381848521 4641299850196923394 4640443951294493601 -4632755106449362073 -4650560098119066163 -4633225585392541177 4 70 1042001184 1045220557 1045220557
4631405999265814612 4641401883693860926 4640375172606577118 -4634823536935803379 -4635605648730259065 -4633890287444402742 9 78 1067101898 1045220557 1045220557
4631496587262811246 4641320642931268458 4640459760460654753 4592138370616619165 4590036096814177264 -4632519570317477392 9 65 1068221654 1045220557 1045220557
4631550744272375222 4641442582021014744 4640446687602100312 4578332690627652122 -4627894824146395897 4593013667076414304 8 69 1048609790 1045220557 1045220557
4631355725166412543 4641315772955003938 4640452882693630381 4594746093132730468 -4627660422328500238 -4629493142720736213 0 65 1040634532 1045220557 1045220557
4631592779037217533 4641281472790944057 4640416973976468560 -4634412084884576428 4586186212381837312 -4628439587924589288 16 83 1064250055 1045220557 1045220557
4631209115062421222 4641386997933853368 4640478005644708930 -4628374165039204310 -4633586919121761968 4593826291279611240 9 74 1068934889 1045220557 1045220557
4631710778755778336 4641539521918419572 4640401710882887067 4595002516868539725 4580070074667389748 -4639999011190578560 7 84 1067399545 1045220557 1045220557
4631683652877074917 4641318874180073548 4640434234477125337 -4630037878710022630 4594850901715469117 4591371785551057700 16 80 1064856671 1045220557 1045220557
4631582282047654895 4641473815773356860 4640368882704578984 -4627899599387685380 -4627146004285187195 4587022866238535213 7 83 1060200621 1045220557 1045220557
4631249310687345436 4641473666737850543 4640402062147504684 -4631943165415928121 -4632095662995759584 -4628409541360652275 5 62 1062283310 1045220557 1045220557
4631479508760230678 4641297026088796683 4640352878888416457 4587262498389962048 4595409719487004866 -4633307845545654169 11 85 1051287694 1045220557 1045220557
4631379849180699648 4641301693706012807 4640470715987645041 -4631641824537917817 -4627563844268387600 -4630479571043340067 17 97 1032267301 1045220557 1045220557
4631432236630465305 4641496582449157944 4640475629470157675 4582007876439843597 4594168568939988770 4592001212060891332 4 78 1063427896 1045220557 1045220557
4631477076801447269 4641272526043296617 4640407724411336862 4595649348522156700 4592119399296212794 4591150043867308256 11 68 1058610252 1045220557 1045220557
4631553960982434902 4641440536672987937 4640422932607101788 4591837929278438516 4595893401563721143 4587659234957215130 8 73 1067727759 1045220557 1045220557
4631291579271636084 4641366090390591998 4640366972333276072 4589408348018246717 -4632648901767639859 -4630463180436590790 0 84 1032672430 1045220557 1045220557
4631561013072438790 4641316321746732098 4640416667658419463 4593590194562472976 4595256517743036111 4577140291613037287 17 99 1067895903 1045220557 1045220557
4631551245049522101 4641577252597045282 4640453814254680514 -4631326915525899558 -4628007100631568033 4588863169372086100 2 85 1068780556 1045220557 1045220557
4631454961679571771 4641245140359128412 4640375562888189110 -4636532652309358598 4590203395967189466 -4649567827694320384 7 96 1038104557 1045220557 1045220557
4631390212039193607 4641443210209745666 4640484251156033947 4594131123803992744 4593895137882381136 -4629608871802601112 11 99 1058235630 1045220557 1045220557
4631397973100593123 4641266341919431569 4640431111206781905 4576434411879018215 -4630761059589986905 -4629237582271921998 8 67 1054139358 1045220557 1045220557
4631303959707744674 4641584365730182973 4640430752386278309 -4627028589344507206 -4631228652443360694 4592257249847578157 7 89 1068034542 1045220557 1045220557
4631625554667967939 4641312178890939526 4640476465488153120 4584647023789443085 -4631585249304860704 -4627652380198321176 14 65 1065607395 1045220557 1045220557
4631215972509452571 4641453259051454213 4640358453942522701 -4649963943096338944 -4627432512070400784 -4629251528207697496 16 75 1060255049 1045220557 1045220557
4631552256579930493 4641348864276673666 4640366794475316999 -4628950448122822819 4593415931628542717 -4635453709452916044 16 86 1065619696 1045220557 1045220557
4631255798958786656 4641559886661273663 4640344314279258176 -4639896603505939814 -4627065506439849868 4591917110598612980 16 71 1035571746 1045220557 1045220557
4631729507029215114 4641508008320746638 4640419255646440139 -4649034834516685670 4594808006401388744 4596020440944942672 15 93 1068090847 1045220557 1045220557
4631589331717924791 4641553236420186784 4640449596469899177 -4632176853799818982 4579896844920101735 4592023456768448413 2 63 1056845571 1045220557 1045220557
4631618706015555904 4641328825262133398 4640453366364760015 -4628646769207311132 4595062788326083336 4595323017879651581 18 83 1068165379 1045220557 1045220557
4631582783637739203 4641371834080476625 4640393832937897330 4595517334090605245 4596255641597335956 -4630541150062230451 6 64 1061986396 1045220557 1045220557
4631342352204313036 4641453625303162247 4640397629361251283 4592284771288182250 -4630294378396578995 -4628490079235742582 5 67 1058024326 1045220557 1045220557
4631396584458320255 4641417098941669262 4640408016415567236 4594343524407842517 4584767555835981139 -4637712457957734745 1 93 1068015850 1045220557 1045220557
4631502228366439225 4641267483184357233 4640421718940576054 -4649938416614636953 -4635731786357879033 -4642824475276345472 12 67 1067851545 1045220557 1045220557
4631224123619482944 4641573586664229314 4640381898603611396 -4630834207927980355 -4629484028657674493 -4627458157895097774 14 99 1068268231 1045220557 1045220557
4631346120422634343 4641454098014975910 4640383121687222327 -4631609392368938710 4589579877685115712 -4634399484485430995 19 77 1066947858 1045220557 1045220557
4631271563954433463 4641363103377412269 4640471990056039320 -4628111937797149598 4580586605528109811 4593880259521636891 5 62 1055852979 1045220557 1045220557
4631194044388702484 4641440298484318940 4640347450285709363 4586765003145261703 -4630983257589049548 -4644887545126277606 15 61 1055795506 1045220557 1045220557
4631634301198051820 4641408613117354242 4640425880199394468 4587566697227663264 4581969293054437504 4595701074657639535 18 89 1068214739 1045220557 1045220557
4631524157131942103 4641404895691732808 4640423211828398307 4594350785061652827 -4635812061668926540 4594727417341738396 19 88 1057207033 1045220557 1045220557
4631225644560013636 4641458048203499011 4640367258583666826 -4638410850716315008 4593093712119946288 4592639363961581607 6 97 1067767240 1045220557 1045220557
4631251625481501215 4641287243646014147 4640403611837977506 -4631260562209912624 4588102769700277818 4589339129048487274 4 82 1058952653 1045220557 1045220557
4631668692760428667 4641477131429117862 4640437993778937323 4590878908143547664 -4628877461226451829 -4647564288992076825 12 66 1051790753 1045220557 1045220557
4631674378404506680 4641545397647857897 4640411662650399911 4591097992205840762 -4627557781285092136 4584967573436376397 8 95 1065777636 1045220557 1045220557
4631233231716193963 4641413163641325749 4640352801098244837 4591583964015272583 4591745301895675581 -4627356977344453324 13 71 1066200488 1045220557 1045220557
4631730518129539910 4641265823978709303 4640367165089813577 4592191493933185834 4595848695253427040 -4648663306806108108 5 74 1067965025 1045220557 1045220557
4631617127197145667 4641564917026057450 4640344242779649623 -4628954525426827281 -4628025626400432187 4595849468722794732 7 61 1065497292 1045220557 1045220557
4631737364119770439 4641541144739214637 4640456994501847101 4587408525439475636 -4632731739478685660 4589318623918907715 11 71 1048179424 1045220557 1045220557
4631395039378843152 4641271650040680209 4640472204622610717 -4631599361113641184 -4629802197690994204 4585635775826036372 16 80 1057354712 1045220557 1045220557
4631256905844428565 4641273621959310956 4640427260080985303 4592021812434346064 -4630111110776619379 4595074744084044634 4 60 1049619865 1045220557 1045220557
4631185732332480055 4641374821597232937 4640479280136650578 4590673028747532736 -4629529379590383475 4595950239424108695 19 83 1058746599 1045220557 1045220557
4631502238583380321 4641413270220080345 4640441718507624007 4588563677879267815 -4629242916694500216 4587182505782957338 14 67 1032913480 1045220557 1045220557
4631679155083611448 4641480489673932933 4640403168454762894 4591176941108145805 4594362004968434386 -4631441487361071091 9 91 1066694561 1045220557 1045220557
4631307458185672121 4641269864920726715 4640480585894115808 4592613974129584167 4585626094902390445 4571406851721031885 8 65 1047613048 1045220557 1045220557
4631560168460331244 4641346252851011558 4640468342382784041 4592451901771939495 4583067090141099559 4594798359181586388 16 75 1062663177 1045220557 1045220557
4631579188526738307 4641500360452875482 4640461179133431631 -4627956241211226304 4593640543245918327 -4638559795312121677 2 89 1057149792 1045220557 1045220557
4631239892464121735 4641291000956934564 4640468092791046778 4595797052518353543 -4631507132150857891 -4630567508860660713 2 73 1059865096 1045220557 1045220557
4631622718000594175 4641281266240468128 4640447067911944674 -4636094614129567846 4575477056277035930 4591390030625259568 13 80 1065478821 1045220557 1045220557
4631417149916470423 4641451552872812486 4640396167974777878 4592413438035820224 4587480199838602714 4593256168381845293 19 95 1043567277 1045220557 1045220557
4631697968930561096 4641452745386760764 4640453156213793222 4578713762842551578 4586650337168140570 4594715438346661287 4 98 1063652672 1045220557 1045220557
4631255081006306819 4641469478215405607 4640428051906171407 4571425789921818727 4590215114031186135 -4629951076277812707 17 97 1046801438 1045220557 1045220557
4631390725697314899 4641495827371657405 4640480011992401220 -4637181532848792979 4587012186477973677 -4643055162221037990 11 82 1066425379 1045220557 1045220557
4631520953442562316 4641487712324151955 4640462987565581879 -4628564611292772398 -4630600130460962604 4582780250963694477 14 92 1068982636 1045220557 1045220557
4631398946009971182 4641425812235425331 4640425601297705477 -4642948703656834534 -4634109374575720889 -4637358303493477273 3 61 1041538606 1045220557 1045220557
4631711643830730575 4641466292796217065 4640423014039557727 4589057363708387060 4589763583195673792 4583678180119917172 9 84 1049937654 1045220557 1045220557
4631697280881469634 4641389069726788052 4640367008063090258 -4650573614602095257 -4629759199077231132 4593274520351667322 6 63 1066722737 1045220557 1045220557
4631579364726295489 4641456045541763898 4640394223710356884 -4631355596897497148 -4628525687812515737 -4630227835844113075 3 93 1050178035 1045220557 1045220557
4631427827777679442 4641250217834478102 4640438083381803599 4589976257834423280 4590817708432606855 4593641238417463984 18 68 1051557005 1045220557 1045220557
4631709612618780593 4641246923581366761 4640399133274002790 4586575472612889415 -4638651702049165171 4594968960319308237 18 66 1068396415 1045220557 1045220557
4631361542101044473 4641401133513022160 4640373392980332866 4594979439340936514 4593659547197464877 -4628977370895208894 11 95 1033797294 1045220557 1045220557
4631181012005251017 4641326139126476748 4640433487314888478 -4627409150212310000 4589364368388358131 4575667545063681536 8 64 1067064814 1045220557 1045220557
4631330482323007727 4641449280461413213 4640477681548755661 -4636486545621748921 -4629101575827148579 4587075322652218932 11 76 1046495060 1045220557 1045220557
4631595729939908877 4641451729734675019 4640415650712894728 -4627177011391001336 4590197313063077140 4589685497167313709 9 90 1057082252 1045220557 1045220557
4631356613332652356 4641535243984811196 4640432047904750642 4577812626606260813 -4631110664014902281 -4640418332059850918 4 73 1062918449 1045220557 1045220557
4631436387198531034 4641591448926371200 4640400433588181931 -4632967407675642883 4593755182197440914 4595196694235413498 7 61 1058433708 1045220557 1045220557
4631692093225511651 4641529582867187625 4640370061953104273 -4630642508310151132 4592068604628098532 -4636724571855083180 5 88 1065561725 1045220557 1045220557
4631297139428930280 4641532622080897623 4640424030091299600 4587106391913869056 4594622214535169450 -4631890010544266979 8 77 1050624769 1045220557 1045220557
4631489568610363280 4641451513537817288 4640353542444881704 -4629309213649688000 4573747342152261735 4592757383592412788 3 77 1027266172 1045220557 1045220557
4631693054914493512 4641449951868552366 4640472652269877243 4591539019257948925 -4631514024534724012 4581810015740490586 19 70 1057255156 1045220557 1045220557
4631450502945372906 4641526129722083516 4640429426638275221 4592074693433446906 4587587550379987296 -4638472593877224115 13 94 1060653272 1045220557 1045220557
4631610563069885030 4641496132682926455 4640363752725886258 -4632931234219743193 -4633261517080687257 -4629652907473972510 16 91 1045319256 1045220557 1045220557
4631725813780746089 4641352392176143946 4640352938183674897 -4627571217196371672 -4636779485813991462 -4629504156928580181 11 76 1043632954 1045220557 1045220557
4631458148538119943 4641294883430786261 4640454629818522807 4595624211423689511 4593993283440451752 4589636500115530119 8 89 1045262970 1045220557 1045220557
4631542743099603808 4641524403631073404 4640454796855449529 -4628605281645957300 -4633422174939451088 4589789398646614384 5 70 1058486516 1045220557 1045220557
4631691566497731147 4641271539188961340 4640434034313236746 -4631063841346222620 4593980444676408093 4583808566712368282 6 91 1040956324 1045220557 1045220557
4631402385968231932 4641548704006574778 4640345139153039044 4588039828381295597 4595155116880396480 4585271745781446003 0 62 1025024389 1045220557 1045220557
4631335703901992876 4641423155046740117 4640348533405408877 4593610969245577904 -4634090908971478157 -4630935522102414937 18 62 1068402940 1045220557 1045220557
4631373952859393091 4641270382101689587 4640450330619506888 4594402824584309928 4586281176533100327 4595946744164267002 14 73 1046664384 1045220557 1045220557
4631188161241699070 4641574325120597081 4640415563709545500 -4637559086975397792 4587432190053075309 4595119936960479176 13 62 1043459022 1045220557 1045220557
4631396740222539286 4641409957222568373 4640401326604625148 4589865615652083367 -4635172391759140473 -4631902785995785667 2 91 1051718831 1045220557 1045220557
4631289980638676333 4641535419905503668 4640397229287746965 -4628096520192220784 -4635890818589955449 4591832737225188666 2 94 1057068971 1045220557 1045220557
4631619484384258863 4641275890358436945 4640395662227483508 -4630397661612731184 4576516780480398771 -4634977293903277868 5 63 1051692960 1045220557 1045220557
4631389244636142209 4641339163768216741 4640434800943416275 -4632577992756364304 -4632160501710402307 -4627606773498489316 1 75 1054061349 1045220557 1045220557
4631369724109314084 4641569208544481018 4640396153212604001 -4641071214200881651 -4633689541162697885 -4631571684825850595 9 74 1061537025 1045220557 1045220557
4631301320887565597 4641379630876765468 4640458798142045839 -4630348408591185913 4584589406929647181 -4639283282210771852 6 89 1065631842 1045220557 1045220557
4631538246103389025 4641549008984848615 4640473638581154645 -4636472918192804128 4585483516680444282 4593946256351553421 17 80 1030084468 1045220557 1045220557
4631447227657825403 4641574050072550684 4640356084730301826 4594319507174647247 -4628247201613591710 -4635484779667125536 14 68 1068004224 1045220557 1045220557
4631652889477313073 4641290076430728303 4640393809088736384 -4632018898395782604 -4628950179529475805 -4630603763345132556 5 84 1052743630 1045220557 1045220557
4631599795521990961 4641482559330821850 4640401397173907874 -4649845571028257740 -4628124199321307598 4560682107491924788 8 87 1048876379 1045220557 1045220557
4631493333152112053 4641467973696439597 4640348077514074607 -4632591054916780793 -4634292961837862803 -4631254944377131520 2 67 1054689875 1045220557 1045220557
4631496799610835502 4641561831541525214 4640475561737977446 4592698411609044164 4589820201118048131 -4634772633478332115 4 62 1068666092 1045220557 1045220557
4631335891882706923 4641551214817607196 4640365584751348430 -4635085924643305932 -4645004561114569804 -4650962281552235571 14 72 1068364191 1045220557 1045220557
4631350737981344189 4641506368859629089 4640392569118374655 -4633762654825495110 -4629563356766074694 4594351115756840533 2 63 1061797172 1045220557 1045220557
4631672745582928040 4641502254612934588 4640447035284164265 -4639334015511310272 -4628155088286079638 -4643470085624752947 8 88 1065119817 1045220557 1045220557
4631410830758460033 4641482887069390894 4640420712899077025 4594748831478035183 4592757839937143079 -4632127406520038464 11 76 1067741579 1045220557 1045220557
4631561177277565598 4641533717067558446 4640364830890043050 4593491765872823325 -4631347535203540105 -4634105440574868006 17 79 1067522252 1045220557 1045220557
4631421665317938295 4641507899659794756 4640379310674365117 4595151655590446863 -4633071853175227219 4594841572355937768 2 73 1067623744 1045220557 1045220557
4631513794037190742 4641503159305574228 4640466508688582359 -4627744084998493208 4594506522233532242 4593764314363989408 15 65 1065568589 1045220557 1045220557
4631385862213507576 4641255485789069427 4640477601368922689 4595054297588952117 -4633375743199585869 -4629437843625294003 7 68 1060048406 1045220557 1045220557
4631641056651712823 4641529667803980020 4640455627561965400 4594514663491916616 4592023914127370464 4583105524120472512 9 89 1055727569 1045220557 1045220557
4631660437082666164 4641526695295089086 4640447750248150235 -4627193314970144686 -4630223940909179001 4586909487990950426 3 95 1065629584 1045220557 1045220557
4631520042687372925 4641545302764500695 4640442596337411506 4583375157848338880 4593819470409622463 4592176435412424055 15 84 1068507424 1045220557 1045220557
4631542433529678518 4641575169139420217 4640420030105417528 -4639284514718364006 4590910229924202260 -4628630321934840116 1 62 1043366471 1045220557 1045220557
4631507967686221890 4641364687326996709 4640395162773485063 4574852265492903476 -4627716514618367881 -4631527603157359683 13 69 1066464450 1045220557 1045220557
4631691851614577510 4641260990374760492 4640373585141406017 -4628141491415193748 -4637252583729306675 -4627315717053192691 17 78 1058345471 1045220557 1045220557
4631278340071332472 4641448663461308746 4640451469433181274 -4629820364792155500 4585166658259294547 4592782418091262660 16 81 1056239484 1045220557 1045220557
4631666147674336386 4641523656665642288 4640344208601902945 -4628525041988731904 4566637074556734464 4589671378146824903 19 91 1053783371 1045220557 1045220557
4631490724163811820 4641371343017466519 4640477195326653900 -4629959020358391427 4583494050256806759 4594080453477897015 7 92 1056389179 1045220557 1045220557
4631292029649383204 4641590877715396688 4640474340490300352 4585977392184760858 4594294318646077178 4590152326870148884 16 97 1065149543 1045220557 1045220557
4631557236956762437 4641444131463851482 4640344526891547099 4594426499429756090 -4628636136028779913 4585654391164669274 15 89 1068410620 1045220557 1045220557
4631652423453541567 4641543368606476843 4640412704146603906 -4629269165908641189 -4628493383731733604 4589257354836458202 19 83 1043847986 1045220557 1045220557
4631668552874331650 4641339459315732679 4640440377213885349 4594564510862516512 -4627345414274389188 -4639086306224929344 14 93 1064490952 1045220557 1045220557
4631466485514439714 4641263624415282448 4640385750270737421 4590248904144080826 4595952406931487351 4589039319422668244 0 94 1059242500 1045220557 1045220557
4631479592249519488 4641519642604268500 4640363159781491494 -4637618638248580953 4589401957633612099 4582171317348884404 6 84 1065398552 1045220557 1045220557
4631529035583168115 4641574097231377186 4640352102421353541 -4627891892329764011 4595133482266483965 -4628478826380843382 12 94 1063307746 1045220557 1045220557
4631365868010697201 4641313607246835799 4640382085232707191 -4633488269858071993 4580368675436866407 -4632689603115977574 10 74 1067188092 1045220557 1045220557
4631728286081516596 4641407510677890164 4640406597460319690 4595585003715182941 4591452460947401514 4566803039457762714 18 78 1068370033 1045220557 1045220557
4631465415859509093 4641557961067509419 4640381325260876563 4595033510939348479 -4627994458306806699 -4633942420456089302 7 98 1065654789 1045220557 1045220557
4631619392065923649 4641388701528913199 4640393227411010110 4579795347052001024 4587874923538583194 -4657824015067174707 18 99 1061774114 1045220557 1045220557
4631602532864329924 4641423023725079627 4640440799550666513 4587599290966525172 -4627475303344841129 4591037753233508061 16 72 1066599231 1045220557 1045220557
4631457596934297295 4641337536523723691 4640345463778332798 4570879290778867917 -4629939320145888662 4592053233777095744 8 72 1069093046 1045220557 1045220557
4631248899425899729 4641562422843232757 4640449942267224678 -4638589309770017561 -4631093471675791520 4594018564206376210 9 90 1062897034 1045220557 1045220557
4631720649328139887 4641368606479439508 4640416958278147560 4592157209848514720 4593935039319975023 -4632215108833101734 13 99 1049827408 1045220557 1045220557
4631492409439527721 4641447648053512650 4640372929167075367 -4627260953262098894 4594089608222501258 -4627567697493894513 14 90 1065741000 1045220557 1045220557
4631401965917280520 4641485963919618822 4640372988622735256 -4642148313447897292 -4629100376790296926 -4642160188785084838 8 69 1065469750 1045220557 1045220557
4631413884379146562 4641266952683189613 4640391309162624967 4593973409250192211 4595061458788522863 -4636244535999380966 12 76 1035851934 1045220557 1045220557
4631548464653194976 4641256200944452274 4640401868053791656 4593965464420203330 4592230988008752029 4582142773469723188 5 85 1068926071 1045220557 1045220557
4631538045116784492 4641527650522850338 4640431459148858968 4594159633260755490 4586875056293275559 4595096555895924093 14 86 1068159713 1045220557 1045220557
4631376694618625428 4641495007668496890 4640361200043504240 -4634195681506124627 -4628074770188350401 -4627383745172035803 13 77 1049311772 1045220557 1045220557
4631692367663887827 4641241416941850866 4640413868182323145 -4627663558602555908 4589802003731835847 -4628617860651733299 12 82 1069325749 1045220557 1045220557
4631322486088611099 4641458102580882962 4640344096724279240 4568510436919571661 -4641758664373478656 -4628756147014833812 19 66 1052110753 1045220557 1045220557
4631436597104576890 4641553547053134020 4640450194886203433 4594961391020337506 -4642169021720748966 4594787205332038588 18 68 1066086786 1045220557 1045220557
4631483646980091078 4641564080744860449 4640383929953494086 -4628539454089370480 -4635270544782625612 -4638493759160700576 3 95 1066585712 1045220557 1045220557
4631655544774367553 4641270187450388613 4640354779345108197 -4635708655953704972 -4631146637712226988 4590203114404966813 13 82 1057410991 1045220557 1045220557
4631366680003870786 4641269790115043935 4640353146179085949 -4629153278859063499 4596235875688839415 4589057418465621920 17 74 1066637509 1045220557 1045220557
4631404194278292192 4641347962203456323 4640370565591787016 4595431175943809104 -4632047730739520118 -4630475464550142947 16 70 1069057494 1045220557 1045220557
4631218995642463380 4641422094562789432 4640407988815330369 -4628582631596429820 4591171727750876896 -4639090742648807744 6 92 1049923474 1045220557 1045220557
4631545590339031017 4641281572483752014 4640365053657614204 -4629695123313185197 4594847232709330597 -4630150443798964662 19 92 1066959284 1045220557 1045220557
4631287446143321372 4641410321282652777 4640360647062006755 4595869124477864989 -4629090299658604049 -4630687442606512444 13 60 1013599713 1045220557 1045220557
4631389236586871497 4641287196860322136 4640381399724335690 -4640423732892764761 -4641929572602797043 4594327505004936877 7 81 1053040859 1045220557 1045220557
4631536455464654994 4641498782406428193 4640441737132428658 4571483809200108903 4595164134190092098 -4633502778132084387 6 68 1055540272 1045220557 1045220557
4631559326276588487 4641309677444182166 4640363233258288600 4594336579441803101 -4633692240202847168 -4633849818007095251 19 65 1049954540 1045220557 1045220557
4631544269991605772 4641367355813664291 4640427259969342460 -4643871687998038656 -4629078944520333726 -4627200316103759176 10 81 1068033577 1045220557 1045220557
4631552331839970819 4641251538221643488 4640390197328335149 4589750590821893059 4591052238132577130 4593862434211621811 11 96 1068784174 1045220557 1045220557
4631421755116485110 4641369234114027746 4640437366369470159 4594234942927692303 4589386211729135181 4590579057950612128 19 86 1067576635 1045220557 1045220557
4631272627459308664 4641544226476259790 4640368680882979883 4594647786798278207 4585492183039097952 4592961949207154557 7 73 1063355167 1045220557 1045220557
4631220462913653527 4641404107756883621 4640381073553756853 -4629630482460933446 4592350404052574855 -4633741053411049907 15 64 1066004828 1045220557 1045220557
4631198120217585403 4641422749290494427 4640374011689070807 4596074852758077759 -4632656520552002732 4590491545380228900 4 81 1032021825 1045220557 1045220557
4631363245468749714 4641452985108115364 4640369101708679993 4595018863244070581 4594584825683123192 4587658968148500378 14 91 1062316529 1045220557 1045220557
4631457364680449849 4641412813871792262 4640447841242266767 -4632661375621674944 -4636978558952913260 4596090413996664141 13 76 1056056330 1045220557 1045220557
4631564139394834914 4641487665263845930 4640476349427622882 4589038122922701453 4589237415344354647 4593350194020698669 2 66 1061056162 1045220557 1045220557
4631225535906768316 4641410300779843182 4640484040370987349 -4631805143177245561 -4630731879125194675 -4641876890580928217 2 85 1062879720 1045220557 1045220557
4631333746015028701 4641282629211228340 4640346589189204342 4592470544568789389 -4628172421880753198 4595581778690655652 13 98 1060680690 1045220557 1045220557
4631535485493161703 4641565866110425461 4640414211769523973 -4633710147166938429 4583796110147485133 4595465323767515943 0 73 1059227179 1045220557 1045220557
4631225682428304818 4641360802398736402 4640398601578718013 4587417128569549012 4595024007902397724 4594947500848927890 14 87 1054021976 1045220557 1045220557
4631652256648009716 4641576626200746721 4640481713193176221 4593532529845426240 -4628232859880357860 -4642494399395508454 10 99 1019589050 1045220557 1045220557
4631727878592995050 4641378829539149188 4640481992234001464 -4630419531388039696 -4628852204565706304 4595148735223175039 10 92 1064527429 1045220557 1045220557
4631677432100101117 4641375596565097847 4640407922705287543 -4633931502231938685 4594671751902376364 -4647349106141973145 8 80 1055763948 1045220557 1045220557
4631206095533852522 4641405439410748640 4640415922492251242 4578438043086484045 4594302975659990995 4589127496663051712 4 86 1068575209 1045220557 1045220557
4631531690669639920 4641283744409811873 4640476601968479885 -4633300486672608243 4593802526110648768 4593906676823010384 6 84 1047654839 1045220557 1045220557
4631625388652909167 4641343009437845162 4640370060094765588 -4631820562632056953 -4628877425103601213 -4628136854780575340 8 89 1066331274 1045220557 1045220557
4631663597155579032 4641448733105634697 4640384601626419127 4595254035688303031 4596297718051938981 4588408718372123840 9 75 1064304168 1045220557 1045220557
4631501843091713424 4641483001539245628 4640454431297104630 -4630332944338547001 -4629694280016430001 4588336850091523552 18 88 1038199682 1045220557 1045220557
4631262500800541083 4641449967723120446 4640432877230497002 -4629201668885316824 4594777107968517701 4595699876619832221 16 96 1035561942 1045220557 1045220557
4631698803878817216 4641556441550338015 4640432968013888908 -4627797849783995382 4589306386086500048 -4635181735513497804 3 88 1058483951 1045220557 1045220557
4631575366725485686 4641301394682996431 4640483847263335293 -4635776599372541516 4591940396523789271 -4634866251043225696 11 72 1059215333 1045220557 1045220557
4631268127811863625 4641270113649735409 4640475543707148884 4594535934870198419 -4630935468829120908 -4630645961491521548 14 85 1057119552 1045220557 1045220557
4631661166428280962 4641565071490388589 4640414636751908707 4595308088734237466 4588479478748501517 -4632323039720686064 19 62 1057706504 1045220557 1045220557
4631632330556273617 4641448860600980480 4640344854486797575 4595478794336031784 -4630133846637419836 -4639488928513902540 3 98 1057158332 1045220557 1045220557
4631501000990209266 4641344053322704525 4640447725309111405 -4632639189150963305 4589899885175253581 -4634714641886841190 2 87 1062601391 1045220557 1045220557
4631374705448731992 4641385943264127727 4640466213842843103 -4633754892648193533 4580538661283327053 -4627289672291175542 18 92 1066698927 1045220557 1045220557
4631486433087435219 4641367392883078150 4640444205991323532 -4630917973637486131 4595999266390707700 -4635820147073557868 11 63 1067005669 1045220557 1045220557
4631622137247071544 4641373474288691472 4640447030185917139 4593269346204654381 4594077497248519562 -4633134124364797603 0 95 1042941734 1045220557 1045220557
4631382252345732362 4641436019992960560 4640481823453294607 4576314852596428672 4591897876031709392 -4634958813000980185 19 97 1056980844 1045220557 1045220557
4631472937639923747 4641440911018799945 4640464360446419163 -4641742681781375436 4591150464434026308 4589708930909782503 8 86 1063195206 1045220557 1045220557
4631296949000830809 4641553359514290438 4640395622908541155 4590284811426264272 -4629601460134919280 -4630490964555418076 4 99 1069149033 1045220557 1045220557
4631202626069878824 4641403341702372403 4640383621452395818 4589577468909843360 -4630389610992519283 -4631042393048067372 6 70 1067396065 1045220557 1045220557
4631564670990545242 4641287109940582214 4640462640934357461 -4633163089413759190 -4636283622186943840 -4659939252045949747 4 86 1058853213 1045220557 1045220557
4631707181644663214 4641339955536947767 4640478739970838132 4594761879818116056 -4661069378072816025 4593532287794030208 15 82 1039652497 1045220557 1045220557
4631257189623607426 4641408385465497742 4640345519600718031 -4632027959474204768 -4628661701581689099 4591932388448395600 2 97 1057887636 1045220557 1045220557
4631591141284128887 4641271243725663667 4640446410468552235 4584211132484375360 4590349137169692439 4592628547965597568 2 72 1055851873 1045220557 1045220557
4631236848155771935 4641299112658388864 4640446799868351257 4589948135336259338 4590350205796466704 4596109898675256628 7 86 1068740371 1045220557 1045220557
4631189218053487774 4641266384354158356 4640444004032971198 -4627823186519112654 -4627244468695710126 -4631963913085357014 15 81 1068519455 1045220557 1045220557
4631335919449473626 4641451540363458529 4640396238384987804 4591685116205791031 4582849912909540199 4590083343670329287 5 65 1065362035 1045220557 1045220557
4631418015906531225 4641453045645999357 4640421584987374556 4586649687078352615 4594548047924862863 -4629665458584074385 14 92 1058601217 1045220557 1045220557
4631513996469896501 4641384160500733110 4640371016013749020 -4629088156052080086 -4627728897140510240 -4627334353181376115 15 64 1069180646 1045220557 1045220557
4631679965393025336 4641401842033656417 4640351678750817716 -4634039611859405449 -4642056387118167168 4586398837944934727 0 91 1061843494 1045220557 1045220557
4631645391450021773 4641242367249043049 4640393394727590784 4580833786224375834 4594529854080145011 4579256776726896640 17 93 1051124718 1045220557 1045220557
4631604554963723427 4641524270802259108 4640441997290481711 -4633385434694475229 -4630173449808208448 -4627123654341230899 12 75 1062271871 1045220557 1045220557
4631343918402687512 4641278433098389731 4640350203856031497 4581773236050115239 4592294422636834250 -4627136101745305564 4 92 1043507900 1045220557 1045220557
4631278833219024223 4641382395539380671 4640416328428170553 4582140666358710682 4593224285483680272 4594037712342720568 14 72 1067543874 1045220557 1045220557
4631232433926127720 4641497786106894769 4640382312031433369 4592107105557250039 4594143945729000493 4595108798636888871 7 75 1067580975 1045220557 1045220557
4631374557156795465 4641419385056888413 4640467232628852986 -4631041704757134736 4596209383333434447 4595690117469198799 3 93 1064990037 1045220557 1045220557
4631435011581027815 4641295666404894244 4640447816119853552 -4632645257288832598 -4629158357199387646 4595320235703381605 14 84 1059226005 1045220557 1045220557
4631201661469142169 4641249955366474744 4640432478696442650 4590437393365367895 4595732223360224552 -4636854971213666899 5 71 1052982122 1045220557 1045220557
4631513874653334232 4641371146145059179 4640395953316735213 -4638245371947718323 4594457295840140970 -4628320621211841612 5 75 1067809542 1045220557 1045220557
4631724923259748576 4641371667200655104 4640361811981203454 4592923179008341428 4582407639106329754 4596220912968398479 11 89 1048145980 1045220557 1045220557
4631569612103809372 4641409404101429948 4640481367647532236 4589458014336619575 4592202157511961341 -4627478275235069286 9 94 1062158753 1045220557 1045220557
4631440398371979275 4641436126482588918 4640433361411721738 4594806331119364692 -4627721234356177865 -4635408421232120179 10 96 1067490618 1045220557 1045220557
4631408453149258346 4641448738587544427 4640418774779422057 -4627267175922378560 -4632658936295967737 4593251931568150944 5 79 1057456983 1045220557 1045220557
4631718652681038429 4641589196672907916 4640430791662621409 -4634674483844113088 4591088703721004948 4590995482851686202 16 96 1058344856 1045220557 1045220557
4631435775092974293 4641478741069698322 4640426093614055038 4584818731802217786 4595054690887889370 4592768482170432848 10 66 1042968921 1045220557 1045220557
4631630065326691960 4641426645269975497 4640399681522728101 4586061821120721549 4596367588809604146 -4627217258341547040 16 60 1066935533 1045220557 1045220557
4631616669669414986 4641556614579847081 4640385763722131683 -4634045338324601584 -4627995633723202916 -4631631943963236787 14 85 1065622904 1045220557 1045220557
4631673976939849300 4641315114671976483 4640442434915035956 4586796957872378125 -4644125464430327424 4596112511369249672 2 73 1042213105 1045220557 1045220557
4631599792735008335 4641562027785836464 4640431579622372303 -4639021398969449548 -4638134607334627257 4596230478613502136 15 97 1059349912 1045220557 1045220557
4631493509378358342 4641328527229138084 4640425780751285614 -4628856860498919083 -4634047712260463430 -4647945014579826176 6 99 1048952524 1045220557 1045220557
4631723022282238788 4641470113787874371 4640357398333605401 -4639553674629069824 4588475356310416749 -4648707587656028825 16 69 1055460310 1045220557 1045220557
4631427681026863098 4641494283474144777 4640374917757824623 -4629328779427214729 4594765221994287743 4590803697034955613 9 94 1058123942 1045220557 1045220557
4631241750075581797 4641263004551359812 4640451363750276978 -4631213702706284726 4586745535714712160 -4632067905338860620 6 99 1056696147 1045220557 1045220557
4631426893158630265 4641414113210040544 4640358035719247569 -4633174935845930793 -4632610130650129705 4592558432724708896 10 93 1067578489 1045220557 1045220557
4631379631225948102 4641359510191782263 4640448316882856367 4595240805012690868 -4628072227843740451 4594192660166533365 19 72 1066074078 1045220557 1045220557
4631553912106473507 4641546563402841513 4640353794249444848 -4633593967976134083 -4638247603959517497 -4627845131807905336 13 68 1065412849 1045220557 1045220557
4631661317847244629 4641275958870867106 4640470672864598529 -4628834368465146913 4588091172391163392 4590212784957158970 17 88 1057193774 1045220557 1045220557
4631537072431408054 4641401232932603639 4640453602853940002 -4651216976723851110 -4628160217380600393 -4627193518725531892 7 65 1065568092 1045220557 1045220557
4631630600554534876 4641268087664410028 4640368958793622069 4581423802859894452 -4638770505835744448 4594386482731725349 0 70 1067510555 1045220557 1045220557
4631346025854707013 4641505706521716623 4640483908648003328 -4632040510731655292 -4630783151308939324 4591409533203215005 15 78 1047502183 1045220557 1045220557
4631480033494642940 4641500406620552384 4640347130901664251 4594968619288642668 4594830146356498719 4590918848527759242 14 63 1041632424 1045220557 1045220557
4631382661141109313 4641580547980261512 4640385497787079837 4591831166585649303 4577033683571798912 4595114961472499479 1 71 1035770531 1045220557 1045220557
4631310567886353202 4641381863938752873 4640409765016926239 4595480861617858783 -4636704492741237542 -4630735529786038019 13 94 1059203467 1045220557 1045220557
